   1   0.0000E+00   0.0000E+00    0.0000E+00 0
   2   0.0000E+00   1.0000E-02    0.0000E+00 0
   3   0.0000E+00   2.0000E-02    0.0000E+00 0
   4   0.0000E+00   3.0000E-02    0.0000E+00 0
   5   0.0000E+00   4.0000E-02    0.0000E+00 0
   6   0.0000E+00   5.0000E-02    0.0000E+00 0
   7   0.0000E+00   6.0000E-02    0.0000E+00 0
   8   0.0000E+00   7.0000E-02    0.0000E+00 0
   9   0.0000E+00   8.0000E-02    0.0000E+00 0
   10   0.0000E+00   9.0000E-02    0.0000E+00 0
   11   0.0000E+00   1.0000E-01    0.0000E+00 0
   12   0.0000E+00   1.1000E-01    0.0000E+00 0
   13   0.0000E+00   1.2000E-01    0.0000E+00 0
   14   0.0000E+00   1.3000E-01    0.0000E+00 0
   15   0.0000E+00   1.4000E-01    0.0000E+00 0
   16   0.0000E+00   1.5000E-01    0.0000E+00 0
   17   0.0000E+00   1.6000E-01    0.0000E+00 0
   18   0.0000E+00   1.7000E-01    0.0000E+00 0
   19   0.0000E+00   1.8000E-01    0.0000E+00 0
   20   0.0000E+00   1.9000E-01    0.0000E+00 0
   21   0.0000E+00   2.0000E-01    0.0000E+00 0
   22   0.0000E+00   2.1000E-01    0.0000E+00 0
   23   0.0000E+00   2.2000E-01    0.0000E+00 0
   24   0.0000E+00   2.3000E-01    0.0000E+00 0
   25   0.0000E+00   2.4000E-01    0.0000E+00 0
   26   0.0000E+00   2.5000E-01    0.0000E+00 0
   27   0.0000E+00   2.6000E-01    0.0000E+00 0
   28   0.0000E+00   2.7000E-01    0.0000E+00 0
   29   0.0000E+00   2.8000E-01    0.0000E+00 0
   30   0.0000E+00   2.9000E-01    0.0000E+00 0
   31   0.0000E+00   3.0000E-01    0.0000E+00 0
   32   0.0000E+00   3.1000E-01    0.0000E+00 0
   33   0.0000E+00   3.2000E-01    0.0000E+00 0
   34   0.0000E+00   3.3000E-01    0.0000E+00 0
   35   0.0000E+00   3.4000E-01    0.0000E+00 0
   36   0.0000E+00   3.5000E-01    0.0000E+00 0
   37   0.0000E+00   3.6000E-01    0.0000E+00 0
   38   0.0000E+00   3.7000E-01    0.0000E+00 0
   39   0.0000E+00   3.8000E-01    0.0000E+00 0
   40   0.0000E+00   3.9000E-01    0.0000E+00 0
   41   0.0000E+00   4.0000E-01    0.0000E+00 0
   42   0.0000E+00   4.1000E-01    0.0000E+00 0
   43   0.0000E+00   4.2000E-01    0.0000E+00 0
   44   0.0000E+00   4.3000E-01    0.0000E+00 0
   45   0.0000E+00   4.4000E-01    0.0000E+00 0
   46   0.0000E+00   4.5000E-01    0.0000E+00 0
   47   0.0000E+00   4.6000E-01    0.0000E+00 0
   48   0.0000E+00   4.7000E-01    0.0000E+00 0
   49   0.0000E+00   4.8000E-01    0.0000E+00 0
   50   0.0000E+00   4.9000E-01    0.0000E+00 0
   51   0.0000E+00   5.0000E-01    0.0000E+00 0
   52   0.0000E+00   5.1000E-01    0.0000E+00 0
   53   0.0000E+00   5.2000E-01    0.0000E+00 0
   54   0.0000E+00   5.3000E-01    0.0000E+00 0
   55   0.0000E+00   5.4000E-01    0.0000E+00 0
   56   0.0000E+00   5.5000E-01    0.0000E+00 0
   57   0.0000E+00   5.6000E-01    0.0000E+00 0
   58   0.0000E+00   5.7000E-01    0.0000E+00 0
   59   0.0000E+00   5.8000E-01    0.0000E+00 0
   60   0.0000E+00   5.9000E-01    0.0000E+00 0
   61   0.0000E+00   6.0000E-01    0.0000E+00 0
   62   0.0000E+00   6.1000E-01    0.0000E+00 0
   63   0.0000E+00   6.2000E-01    0.0000E+00 0
   64   0.0000E+00   6.3000E-01    0.0000E+00 0
   65   0.0000E+00   6.4000E-01    0.0000E+00 0
   66   0.0000E+00   6.5000E-01    0.0000E+00 0
   67   0.0000E+00   6.6000E-01    0.0000E+00 0
   68   0.0000E+00   6.7000E-01    0.0000E+00 0
   69   0.0000E+00   6.8000E-01    0.0000E+00 0
   70   0.0000E+00   6.9000E-01    0.0000E+00 0
   71   0.0000E+00   7.0000E-01    0.0000E+00 0
   72   0.0000E+00   7.1000E-01    0.0000E+00 0
   73   0.0000E+00   7.2000E-01    0.0000E+00 0
   74   0.0000E+00   7.3000E-01    0.0000E+00 0
   75   0.0000E+00   7.4000E-01    0.0000E+00 0
   76   0.0000E+00   7.5000E-01    0.0000E+00 0
   77   0.0000E+00   7.6000E-01    0.0000E+00 0
   78   0.0000E+00   7.7000E-01    0.0000E+00 0
   79   0.0000E+00   7.8000E-01    0.0000E+00 0
   80   0.0000E+00   7.9000E-01    0.0000E+00 0
   81   0.0000E+00   8.0000E-01    0.0000E+00 0
   82   0.0000E+00   8.1000E-01    0.0000E+00 0
   83   0.0000E+00   8.2000E-01    0.0000E+00 0
   84   0.0000E+00   8.3000E-01    0.0000E+00 0
   85   0.0000E+00   8.4000E-01    0.0000E+00 0
   86   0.0000E+00   8.5000E-01    0.0000E+00 0
   87   0.0000E+00   8.6000E-01    0.0000E+00 0
   88   0.0000E+00   8.7000E-01    0.0000E+00 0
   89   0.0000E+00   8.8000E-01    0.0000E+00 0
   90   0.0000E+00   8.9000E-01    0.0000E+00 0
   91   0.0000E+00   9.0000E-01    0.0000E+00 0
   92   0.0000E+00   9.1000E-01    0.0000E+00 0
   93   0.0000E+00   9.2000E-01    0.0000E+00 0
   94   0.0000E+00   9.3000E-01    0.0000E+00 0
   95   0.0000E+00   9.4000E-01    0.0000E+00 0
   96   0.0000E+00   9.5000E-01    0.0000E+00 0
   97   0.0000E+00   9.6000E-01    0.0000E+00 0
   98   0.0000E+00   9.7000E-01    0.0000E+00 0
   99   0.0000E+00   9.8000E-01    0.0000E+00 0
   100   0.0000E+00   9.9000E-01    0.0000E+00 0
   101   0.0000E+00   1.0000E+00    0.0000E+00 0
