  1,    1,    2,   24,   23,  485,  486,  508,  507
  2,    2,    3,   25,   24,  486,  487,  509,  508
  3,    3,    4,   26,   25,  487,  488,  510,  509
  4,    4,    5,   27,   26,  488,  489,  511,  510
  5,    5,    6,   28,   27,  489,  490,  512,  511
  6,    6,    7,   29,   28,  490,  491,  513,  512
  7,    7,    8,   30,   29,  491,  492,  514,  513
  8,    8,    9,   31,   30,  492,  493,  515,  514
  9,    9,   10,   32,   31,  493,  494,  516,  515
 10,   10,   11,   33,   32,  494,  495,  517,  516
 11,   11,   12,   34,   33,  495,  496,  518,  517
 12,   12,   13,   35,   34,  496,  497,  519,  518
 13,   13,   14,   36,   35,  497,  498,  520,  519
 14,   14,   15,   37,   36,  498,  499,  521,  520
 15,   15,   16,   38,   37,  499,  500,  522,  521
 16,   16,   17,   39,   38,  500,  501,  523,  522
 17,   17,   18,   40,   39,  501,  502,  524,  523
 18,   18,   19,   41,   40,  502,  503,  525,  524
 19,   19,   20,   42,   41,  503,  504,  526,  525
 20,   20,   21,   43,   42,  504,  505,  527,  526
 21,   21,   22,   44,   43,  505,  506,  528,  527
 22,   23,   24,   46,   45,  507,  508,  530,  529
 23,   24,   25,   47,   46,  508,  509,  531,  530
 24,   25,   26,   48,   47,  509,  510,  532,  531
 25,   26,   27,   49,   48,  510,  511,  533,  532
 26,   27,   28,   50,   49,  511,  512,  534,  533
 27,   28,   29,   51,   50,  512,  513,  535,  534
 28,   29,   30,   52,   51,  513,  514,  536,  535
 29,   30,   31,   53,   52,  514,  515,  537,  536
 30,   31,   32,   54,   53,  515,  516,  538,  537
 31,   32,   33,   55,   54,  516,  517,  539,  538
 32,   33,   34,   56,   55,  517,  518,  540,  539
 33,   34,   35,   57,   56,  518,  519,  541,  540
 34,   35,   36,   58,   57,  519,  520,  542,  541
 35,   36,   37,   59,   58,  520,  521,  543,  542
 36,   37,   38,   60,   59,  521,  522,  544,  543
 37,   38,   39,   61,   60,  522,  523,  545,  544
 38,   39,   40,   62,   61,  523,  524,  546,  545
 39,   40,   41,   63,   62,  524,  525,  547,  546
 40,   41,   42,   64,   63,  525,  526,  548,  547
 41,   42,   43,   65,   64,  526,  527,  549,  548
 42,   43,   44,   66,   65,  527,  528,  550,  549
 43,   45,   46,   68,   67,  529,  530,  552,  551
 44,   46,   47,   69,   68,  530,  531,  553,  552
 45,   47,   48,   70,   69,  531,  532,  554,  553
 46,   48,   49,   71,   70,  532,  533,  555,  554
 47,   49,   50,   72,   71,  533,  534,  556,  555
 48,   50,   51,   73,   72,  534,  535,  557,  556
 49,   51,   52,   74,   73,  535,  536,  558,  557
 50,   52,   53,   75,   74,  536,  537,  559,  558
 51,   53,   54,   76,   75,  537,  538,  560,  559
 52,   54,   55,   77,   76,  538,  539,  561,  560
 53,   55,   56,   78,   77,  539,  540,  562,  561
 54,   56,   57,   79,   78,  540,  541,  563,  562
 55,   57,   58,   80,   79,  541,  542,  564,  563
 56,   58,   59,   81,   80,  542,  543,  565,  564
 57,   59,   60,   82,   81,  543,  544,  566,  565
 58,   60,   61,   83,   82,  544,  545,  567,  566
 59,   61,   62,   84,   83,  545,  546,  568,  567
 60,   62,   63,   85,   84,  546,  547,  569,  568
 61,   63,   64,   86,   85,  547,  548,  570,  569
 62,   64,   65,   87,   86,  548,  549,  571,  570
 63,   65,   66,   88,   87,  549,  550,  572,  571
 64,   67,   68,   90,   89,  551,  552,  574,  573
 65,   68,   69,   91,   90,  552,  553,  575,  574
 66,   69,   70,   92,   91,  553,  554,  576,  575
 67,   70,   71,   93,   92,  554,  555,  577,  576
 68,   71,   72,   94,   93,  555,  556,  578,  577
 69,   72,   73,   95,   94,  556,  557,  579,  578
 70,   73,   74,   96,   95,  557,  558,  580,  579
 71,   74,   75,   97,   96,  558,  559,  581,  580
 72,   75,   76,   98,   97,  559,  560,  582,  581
 73,   76,   77,   99,   98,  560,  561,  583,  582
 74,   77,   78,  100,   99,  561,  562,  584,  583
 75,   78,   79,  101,  100,  562,  563,  585,  584
 76,   79,   80,  102,  101,  563,  564,  586,  585
 77,   80,   81,  103,  102,  564,  565,  587,  586
 78,   81,   82,  104,  103,  565,  566,  588,  587
 79,   82,   83,  105,  104,  566,  567,  589,  588
 80,   83,   84,  106,  105,  567,  568,  590,  589
 81,   84,   85,  107,  106,  568,  569,  591,  590
 82,   85,   86,  108,  107,  569,  570,  592,  591
 83,   86,   87,  109,  108,  570,  571,  593,  592
 84,   87,   88,  110,  109,  571,  572,  594,  593
 85,   89,   90,  112,  111,  573,  574,  596,  595
 86,   90,   91,  113,  112,  574,  575,  597,  596
 87,   91,   92,  114,  113,  575,  576,  598,  597
 88,   92,   93,  115,  114,  576,  577,  599,  598
 89,   93,   94,  116,  115,  577,  578,  600,  599
 90,   94,   95,  117,  116,  578,  579,  601,  600
 91,   95,   96,  118,  117,  579,  580,  602,  601
 92,   96,   97,  119,  118,  580,  581,  603,  602
 93,   97,   98,  120,  119,  581,  582,  604,  603
 94,   98,   99,  121,  120,  582,  583,  605,  604
 95,   99,  100,  122,  121,  583,  584,  606,  605
 96,  100,  101,  123,  122,  584,  585,  607,  606
 97,  101,  102,  124,  123,  585,  586,  608,  607
 98,  102,  103,  125,  124,  586,  587,  609,  608
 99,  103,  104,  126,  125,  587,  588,  610,  609
100,  104,  105,  127,  126,  588,  589,  611,  610
101,  105,  106,  128,  127,  589,  590,  612,  611
102,  106,  107,  129,  128,  590,  591,  613,  612
103,  107,  108,  130,  129,  591,  592,  614,  613
104,  108,  109,  131,  130,  592,  593,  615,  614
105,  109,  110,  132,  131,  593,  594,  616,  615
106,  111,  112,  134,  133,  595,  596,  618,  617
107,  112,  113,  135,  134,  596,  597,  619,  618
108,  113,  114,  136,  135,  597,  598,  620,  619
109,  114,  115,  137,  136,  598,  599,  621,  620
110,  115,  116,  138,  137,  599,  600,  622,  621
111,  116,  117,  139,  138,  600,  601,  623,  622
112,  117,  118,  140,  139,  601,  602,  624,  623
113,  118,  119,  141,  140,  602,  603,  625,  624
114,  119,  120,  142,  141,  603,  604,  626,  625
115,  120,  121,  143,  142,  604,  605,  627,  626
116,  121,  122,  144,  143,  605,  606,  628,  627
117,  122,  123,  145,  144,  606,  607,  629,  628
118,  123,  124,  146,  145,  607,  608,  630,  629
119,  124,  125,  147,  146,  608,  609,  631,  630
120,  125,  126,  148,  147,  609,  610,  632,  631
121,  126,  127,  149,  148,  610,  611,  633,  632
122,  127,  128,  150,  149,  611,  612,  634,  633
123,  128,  129,  151,  150,  612,  613,  635,  634
124,  129,  130,  152,  151,  613,  614,  636,  635
125,  130,  131,  153,  152,  614,  615,  637,  636
126,  131,  132,  154,  153,  615,  616,  638,  637
127,  133,  134,  156,  155,  617,  618,  640,  639
128,  134,  135,  157,  156,  618,  619,  641,  640
129,  135,  136,  158,  157,  619,  620,  642,  641
130,  136,  137,  159,  158,  620,  621,  643,  642
131,  137,  138,  160,  159,  621,  622,  644,  643
132,  138,  139,  161,  160,  622,  623,  645,  644
133,  139,  140,  162,  161,  623,  624,  646,  645
134,  140,  141,  163,  162,  624,  625,  647,  646
135,  141,  142,  164,  163,  625,  626,  648,  647
136,  142,  143,  165,  164,  626,  627,  649,  648
137,  143,  144,  166,  165,  627,  628,  650,  649
138,  144,  145,  167,  166,  628,  629,  651,  650
139,  145,  146,  168,  167,  629,  630,  652,  651
140,  146,  147,  169,  168,  630,  631,  653,  652
141,  147,  148,  170,  169,  631,  632,  654,  653
142,  148,  149,  171,  170,  632,  633,  655,  654
143,  149,  150,  172,  171,  633,  634,  656,  655
144,  150,  151,  173,  172,  634,  635,  657,  656
145,  151,  152,  174,  173,  635,  636,  658,  657
146,  152,  153,  175,  174,  636,  637,  659,  658
147,  153,  154,  176,  175,  637,  638,  660,  659
148,  155,  156,  178,  177,  639,  640,  662,  661
149,  156,  157,  179,  178,  640,  641,  663,  662
150,  157,  158,  180,  179,  641,  642,  664,  663
151,  158,  159,  181,  180,  642,  643,  665,  664
152,  159,  160,  182,  181,  643,  644,  666,  665
153,  160,  161,  183,  182,  644,  645,  667,  666
154,  161,  162,  184,  183,  645,  646,  668,  667
155,  162,  163,  185,  184,  646,  647,  669,  668
156,  163,  164,  186,  185,  647,  648,  670,  669
157,  164,  165,  187,  186,  648,  649,  671,  670
158,  165,  166,  188,  187,  649,  650,  672,  671
159,  166,  167,  189,  188,  650,  651,  673,  672
160,  167,  168,  190,  189,  651,  652,  674,  673
161,  168,  169,  191,  190,  652,  653,  675,  674
162,  169,  170,  192,  191,  653,  654,  676,  675
163,  170,  171,  193,  192,  654,  655,  677,  676
164,  171,  172,  194,  193,  655,  656,  678,  677
165,  172,  173,  195,  194,  656,  657,  679,  678
166,  173,  174,  196,  195,  657,  658,  680,  679
167,  174,  175,  197,  196,  658,  659,  681,  680
168,  175,  176,  198,  197,  659,  660,  682,  681
169,  177,  178,  200,  199,  661,  662,  684,  683
170,  178,  179,  201,  200,  662,  663,  685,  684
171,  179,  180,  202,  201,  663,  664,  686,  685
172,  180,  181,  203,  202,  664,  665,  687,  686
173,  181,  182,  204,  203,  665,  666,  688,  687
174,  182,  183,  205,  204,  666,  667,  689,  688
175,  183,  184,  206,  205,  667,  668,  690,  689
176,  184,  185,  207,  206,  668,  669,  691,  690
177,  185,  186,  208,  207,  669,  670,  692,  691
178,  186,  187,  209,  208,  670,  671,  693,  692
179,  187,  188,  210,  209,  671,  672,  694,  693
180,  188,  189,  211,  210,  672,  673,  695,  694
181,  189,  190,  212,  211,  673,  674,  696,  695
182,  190,  191,  213,  212,  674,  675,  697,  696
183,  191,  192,  214,  213,  675,  676,  698,  697
184,  192,  193,  215,  214,  676,  677,  699,  698
185,  193,  194,  216,  215,  677,  678,  700,  699
186,  194,  195,  217,  216,  678,  679,  701,  700
187,  195,  196,  218,  217,  679,  680,  702,  701
188,  196,  197,  219,  218,  680,  681,  703,  702
189,  197,  198,  220,  219,  681,  682,  704,  703
190,  199,  200,  222,  221,  683,  684,  706,  705
191,  200,  201,  223,  222,  684,  685,  707,  706
192,  201,  202,  224,  223,  685,  686,  708,  707
193,  202,  203,  225,  224,  686,  687,  709,  708
194,  203,  204,  226,  225,  687,  688,  710,  709
195,  204,  205,  227,  226,  688,  689,  711,  710
196,  205,  206,  228,  227,  689,  690,  712,  711
197,  206,  207,  229,  228,  690,  691,  713,  712
198,  207,  208,  230,  229,  691,  692,  714,  713
199,  208,  209,  231,  230,  692,  693,  715,  714
200,  209,  210,  232,  231,  693,  694,  716,  715
201,  210,  211,  233,  232,  694,  695,  717,  716
202,  211,  212,  234,  233,  695,  696,  718,  717
203,  212,  213,  235,  234,  696,  697,  719,  718
204,  213,  214,  236,  235,  697,  698,  720,  719
205,  214,  215,  237,  236,  698,  699,  721,  720
206,  215,  216,  238,  237,  699,  700,  722,  721
207,  216,  217,  239,  238,  700,  701,  723,  722
208,  217,  218,  240,  239,  701,  702,  724,  723
209,  218,  219,  241,  240,  702,  703,  725,  724
210,  219,  220,  242,  241,  703,  704,  726,  725
211,  221,  222,  244,  243,  705,  706,  728,  727
212,  222,  223,  245,  244,  706,  707,  729,  728
213,  223,  224,  246,  245,  707,  708,  730,  729
214,  224,  225,  247,  246,  708,  709,  731,  730
215,  225,  226,  248,  247,  709,  710,  732,  731
216,  226,  227,  249,  248,  710,  711,  733,  732
217,  227,  228,  250,  249,  711,  712,  734,  733
218,  228,  229,  251,  250,  712,  713,  735,  734
219,  229,  230,  252,  251,  713,  714,  736,  735
220,  230,  231,  253,  252,  714,  715,  737,  736
221,  231,  232,  254,  253,  715,  716,  738,  737
222,  232,  233,  255,  254,  716,  717,  739,  738
223,  233,  234,  256,  255,  717,  718,  740,  739
224,  234,  235,  257,  256,  718,  719,  741,  740
225,  235,  236,  258,  257,  719,  720,  742,  741
226,  236,  237,  259,  258,  720,  721,  743,  742
227,  237,  238,  260,  259,  721,  722,  744,  743
228,  238,  239,  261,  260,  722,  723,  745,  744
229,  239,  240,  262,  261,  723,  724,  746,  745
230,  240,  241,  263,  262,  724,  725,  747,  746
231,  241,  242,  264,  263,  725,  726,  748,  747
232,  243,  244,  266,  265,  727,  728,  750,  749
233,  244,  245,  267,  266,  728,  729,  751,  750
234,  245,  246,  268,  267,  729,  730,  752,  751
235,  246,  247,  269,  268,  730,  731,  753,  752
236,  247,  248,  270,  269,  731,  732,  754,  753
237,  248,  249,  271,  270,  732,  733,  755,  754
238,  249,  250,  272,  271,  733,  734,  756,  755
239,  250,  251,  273,  272,  734,  735,  757,  756
240,  251,  252,  274,  273,  735,  736,  758,  757
241,  252,  253,  275,  274,  736,  737,  759,  758
242,  253,  254,  276,  275,  737,  738,  760,  759
243,  254,  255,  277,  276,  738,  739,  761,  760
244,  255,  256,  278,  277,  739,  740,  762,  761
245,  256,  257,  279,  278,  740,  741,  763,  762
246,  257,  258,  280,  279,  741,  742,  764,  763
247,  258,  259,  281,  280,  742,  743,  765,  764
248,  259,  260,  282,  281,  743,  744,  766,  765
249,  260,  261,  283,  282,  744,  745,  767,  766
250,  261,  262,  284,  283,  745,  746,  768,  767
251,  262,  263,  285,  284,  746,  747,  769,  768
252,  263,  264,  286,  285,  747,  748,  770,  769
253,  265,  266,  288,  287,  749,  750,  772,  771
254,  266,  267,  289,  288,  750,  751,  773,  772
255,  267,  268,  290,  289,  751,  752,  774,  773
256,  268,  269,  291,  290,  752,  753,  775,  774
257,  269,  270,  292,  291,  753,  754,  776,  775
258,  270,  271,  293,  292,  754,  755,  777,  776
259,  271,  272,  294,  293,  755,  756,  778,  777
260,  272,  273,  295,  294,  756,  757,  779,  778
261,  273,  274,  296,  295,  757,  758,  780,  779
262,  274,  275,  297,  296,  758,  759,  781,  780
263,  275,  276,  298,  297,  759,  760,  782,  781
264,  276,  277,  299,  298,  760,  761,  783,  782
265,  277,  278,  300,  299,  761,  762,  784,  783
266,  278,  279,  301,  300,  762,  763,  785,  784
267,  279,  280,  302,  301,  763,  764,  786,  785
268,  280,  281,  303,  302,  764,  765,  787,  786
269,  281,  282,  304,  303,  765,  766,  788,  787
270,  282,  283,  305,  304,  766,  767,  789,  788
271,  283,  284,  306,  305,  767,  768,  790,  789
272,  284,  285,  307,  306,  768,  769,  791,  790
273,  285,  286,  308,  307,  769,  770,  792,  791
274,  287,  288,  310,  309,  771,  772,  794,  793
275,  288,  289,  311,  310,  772,  773,  795,  794
276,  289,  290,  312,  311,  773,  774,  796,  795
277,  290,  291,  313,  312,  774,  775,  797,  796
278,  291,  292,  314,  313,  775,  776,  798,  797
279,  292,  293,  315,  314,  776,  777,  799,  798
280,  293,  294,  316,  315,  777,  778,  800,  799
281,  294,  295,  317,  316,  778,  779,  801,  800
282,  295,  296,  318,  317,  779,  780,  802,  801
283,  296,  297,  319,  318,  780,  781,  803,  802
284,  297,  298,  320,  319,  781,  782,  804,  803
285,  298,  299,  321,  320,  782,  783,  805,  804
286,  299,  300,  322,  321,  783,  784,  806,  805
287,  300,  301,  323,  322,  784,  785,  807,  806
288,  301,  302,  324,  323,  785,  786,  808,  807
289,  302,  303,  325,  324,  786,  787,  809,  808
290,  303,  304,  326,  325,  787,  788,  810,  809
291,  304,  305,  327,  326,  788,  789,  811,  810
292,  305,  306,  328,  327,  789,  790,  812,  811
293,  306,  307,  329,  328,  790,  791,  813,  812
294,  307,  308,  330,  329,  791,  792,  814,  813
295,  309,  310,  332,  331,  793,  794,  816,  815
296,  310,  311,  333,  332,  794,  795,  817,  816
297,  311,  312,  334,  333,  795,  796,  818,  817
298,  312,  313,  335,  334,  796,  797,  819,  818
299,  313,  314,  336,  335,  797,  798,  820,  819
300,  314,  315,  337,  336,  798,  799,  821,  820
301,  315,  316,  338,  337,  799,  800,  822,  821
302,  316,  317,  339,  338,  800,  801,  823,  822
303,  317,  318,  340,  339,  801,  802,  824,  823
304,  318,  319,  341,  340,  802,  803,  825,  824
305,  319,  320,  342,  341,  803,  804,  826,  825
306,  320,  321,  343,  342,  804,  805,  827,  826
307,  321,  322,  344,  343,  805,  806,  828,  827
308,  322,  323,  345,  344,  806,  807,  829,  828
309,  323,  324,  346,  345,  807,  808,  830,  829
310,  324,  325,  347,  346,  808,  809,  831,  830
311,  325,  326,  348,  347,  809,  810,  832,  831
312,  326,  327,  349,  348,  810,  811,  833,  832
313,  327,  328,  350,  349,  811,  812,  834,  833
314,  328,  329,  351,  350,  812,  813,  835,  834
315,  329,  330,  352,  351,  813,  814,  836,  835
316,  331,  332,  354,  353,  815,  816,  838,  837
317,  332,  333,  355,  354,  816,  817,  839,  838
318,  333,  334,  356,  355,  817,  818,  840,  839
319,  334,  335,  357,  356,  818,  819,  841,  840
320,  335,  336,  358,  357,  819,  820,  842,  841
321,  336,  337,  359,  358,  820,  821,  843,  842
322,  337,  338,  360,  359,  821,  822,  844,  843
323,  338,  339,  361,  360,  822,  823,  845,  844
324,  339,  340,  362,  361,  823,  824,  846,  845
325,  340,  341,  363,  362,  824,  825,  847,  846
326,  341,  342,  364,  363,  825,  826,  848,  847
327,  342,  343,  365,  364,  826,  827,  849,  848
328,  343,  344,  366,  365,  827,  828,  850,  849
329,  344,  345,  367,  366,  828,  829,  851,  850
330,  345,  346,  368,  367,  829,  830,  852,  851
331,  346,  347,  369,  368,  830,  831,  853,  852
332,  347,  348,  370,  369,  831,  832,  854,  853
333,  348,  349,  371,  370,  832,  833,  855,  854
334,  349,  350,  372,  371,  833,  834,  856,  855
335,  350,  351,  373,  372,  834,  835,  857,  856
336,  351,  352,  374,  373,  835,  836,  858,  857
337,  353,  354,  376,  375,  837,  838,  860,  859
338,  354,  355,  377,  376,  838,  839,  861,  860
339,  355,  356,  378,  377,  839,  840,  862,  861
340,  356,  357,  379,  378,  840,  841,  863,  862
341,  357,  358,  380,  379,  841,  842,  864,  863
342,  358,  359,  381,  380,  842,  843,  865,  864
343,  359,  360,  382,  381,  843,  844,  866,  865
344,  360,  361,  383,  382,  844,  845,  867,  866
345,  361,  362,  384,  383,  845,  846,  868,  867
346,  362,  363,  385,  384,  846,  847,  869,  868
347,  363,  364,  386,  385,  847,  848,  870,  869
348,  364,  365,  387,  386,  848,  849,  871,  870
349,  365,  366,  388,  387,  849,  850,  872,  871
350,  366,  367,  389,  388,  850,  851,  873,  872
351,  367,  368,  390,  389,  851,  852,  874,  873
352,  368,  369,  391,  390,  852,  853,  875,  874
353,  369,  370,  392,  391,  853,  854,  876,  875
354,  370,  371,  393,  392,  854,  855,  877,  876
355,  371,  372,  394,  393,  855,  856,  878,  877
356,  372,  373,  395,  394,  856,  857,  879,  878
357,  373,  374,  396,  395,  857,  858,  880,  879
358,  375,  376,  398,  397,  859,  860,  882,  881
359,  376,  377,  399,  398,  860,  861,  883,  882
360,  377,  378,  400,  399,  861,  862,  884,  883
361,  378,  379,  401,  400,  862,  863,  885,  884
362,  379,  380,  402,  401,  863,  864,  886,  885
363,  380,  381,  403,  402,  864,  865,  887,  886
364,  381,  382,  404,  403,  865,  866,  888,  887
365,  382,  383,  405,  404,  866,  867,  889,  888
366,  383,  384,  406,  405,  867,  868,  890,  889
367,  384,  385,  407,  406,  868,  869,  891,  890
368,  385,  386,  408,  407,  869,  870,  892,  891
369,  386,  387,  409,  408,  870,  871,  893,  892
370,  387,  388,  410,  409,  871,  872,  894,  893
371,  388,  389,  411,  410,  872,  873,  895,  894
372,  389,  390,  412,  411,  873,  874,  896,  895
373,  390,  391,  413,  412,  874,  875,  897,  896
374,  391,  392,  414,  413,  875,  876,  898,  897
375,  392,  393,  415,  414,  876,  877,  899,  898
376,  393,  394,  416,  415,  877,  878,  900,  899
377,  394,  395,  417,  416,  878,  879,  901,  900
378,  395,  396,  418,  417,  879,  880,  902,  901
379,  397,  398,  420,  419,  881,  882,  904,  903
380,  398,  399,  421,  420,  882,  883,  905,  904
381,  399,  400,  422,  421,  883,  884,  906,  905
382,  400,  401,  423,  422,  884,  885,  907,  906
383,  401,  402,  424,  423,  885,  886,  908,  907
384,  402,  403,  425,  424,  886,  887,  909,  908
385,  403,  404,  426,  425,  887,  888,  910,  909
386,  404,  405,  427,  426,  888,  889,  911,  910
387,  405,  406,  428,  427,  889,  890,  912,  911
388,  406,  407,  429,  428,  890,  891,  913,  912
389,  407,  408,  430,  429,  891,  892,  914,  913
390,  408,  409,  431,  430,  892,  893,  915,  914
391,  409,  410,  432,  431,  893,  894,  916,  915
392,  410,  411,  433,  432,  894,  895,  917,  916
393,  411,  412,  434,  433,  895,  896,  918,  917
394,  412,  413,  435,  434,  896,  897,  919,  918
395,  413,  414,  436,  435,  897,  898,  920,  919
396,  414,  415,  437,  436,  898,  899,  921,  920
397,  415,  416,  438,  437,  899,  900,  922,  921
398,  416,  417,  439,  438,  900,  901,  923,  922
399,  417,  418,  440,  439,  901,  902,  924,  923
400,  419,  420,  442,  441,  903,  904,  926,  925
401,  420,  421,  443,  442,  904,  905,  927,  926
402,  421,  422,  444,  443,  905,  906,  928,  927
403,  422,  423,  445,  444,  906,  907,  929,  928
404,  423,  424,  446,  445,  907,  908,  930,  929
405,  424,  425,  447,  446,  908,  909,  931,  930
406,  425,  426,  448,  447,  909,  910,  932,  931
407,  426,  427,  449,  448,  910,  911,  933,  932
408,  427,  428,  450,  449,  911,  912,  934,  933
409,  428,  429,  451,  450,  912,  913,  935,  934
410,  429,  430,  452,  451,  913,  914,  936,  935
411,  430,  431,  453,  452,  914,  915,  937,  936
412,  431,  432,  454,  453,  915,  916,  938,  937
413,  432,  433,  455,  454,  916,  917,  939,  938
414,  433,  434,  456,  455,  917,  918,  940,  939
415,  434,  435,  457,  456,  918,  919,  941,  940
416,  435,  436,  458,  457,  919,  920,  942,  941
417,  436,  437,  459,  458,  920,  921,  943,  942
418,  437,  438,  460,  459,  921,  922,  944,  943
419,  438,  439,  461,  460,  922,  923,  945,  944
420,  439,  440,  462,  461,  923,  924,  946,  945
421,  441,  442,  464,  463,  925,  926,  948,  947
422,  442,  443,  465,  464,  926,  927,  949,  948
423,  443,  444,  466,  465,  927,  928,  950,  949
424,  444,  445,  467,  466,  928,  929,  951,  950
425,  445,  446,  468,  467,  929,  930,  952,  951
426,  446,  447,  469,  468,  930,  931,  953,  952
427,  447,  448,  470,  469,  931,  932,  954,  953
428,  448,  449,  471,  470,  932,  933,  955,  954
429,  449,  450,  472,  471,  933,  934,  956,  955
430,  450,  451,  473,  472,  934,  935,  957,  956
431,  451,  452,  474,  473,  935,  936,  958,  957
432,  452,  453,  475,  474,  936,  937,  959,  958
433,  453,  454,  476,  475,  937,  938,  960,  959
434,  454,  455,  477,  476,  938,  939,  961,  960
435,  455,  456,  478,  477,  939,  940,  962,  961
436,  456,  457,  479,  478,  940,  941,  963,  962
437,  457,  458,  480,  479,  941,  942,  964,  963
438,  458,  459,  481,  480,  942,  943,  965,  964
439,  459,  460,  482,  481,  943,  944,  966,  965
440,  460,  461,  483,  482,  944,  945,  967,  966
441,  461,  462,  484,  483,  945,  946,  968,  967
442,  485,  486,  508,  507,  969,  970,  992,  991
443,  486,  487,  509,  508,  970,  971,  993,  992
444,  487,  488,  510,  509,  971,  972,  994,  993
445,  488,  489,  511,  510,  972,  973,  995,  994
446,  489,  490,  512,  511,  973,  974,  996,  995
447,  490,  491,  513,  512,  974,  975,  997,  996
448,  491,  492,  514,  513,  975,  976,  998,  997
449,  492,  493,  515,  514,  976,  977,  999,  998
450,  493,  494,  516,  515,  977,  978, 1000,  999
451,  494,  495,  517,  516,  978,  979, 1001, 1000
452,  495,  496,  518,  517,  979,  980, 1002, 1001
453,  496,  497,  519,  518,  980,  981, 1003, 1002
454,  497,  498,  520,  519,  981,  982, 1004, 1003
455,  498,  499,  521,  520,  982,  983, 1005, 1004
456,  499,  500,  522,  521,  983,  984, 1006, 1005
457,  500,  501,  523,  522,  984,  985, 1007, 1006
458,  501,  502,  524,  523,  985,  986, 1008, 1007
459,  502,  503,  525,  524,  986,  987, 1009, 1008
460,  503,  504,  526,  525,  987,  988, 1010, 1009
461,  504,  505,  527,  526,  988,  989, 1011, 1010
462,  505,  506,  528,  527,  989,  990, 1012, 1011
463,  507,  508,  530,  529,  991,  992, 1014, 1013
464,  508,  509,  531,  530,  992,  993, 1015, 1014
465,  509,  510,  532,  531,  993,  994, 1016, 1015
466,  510,  511,  533,  532,  994,  995, 1017, 1016
467,  511,  512,  534,  533,  995,  996, 1018, 1017
468,  512,  513,  535,  534,  996,  997, 1019, 1018
469,  513,  514,  536,  535,  997,  998, 1020, 1019
470,  514,  515,  537,  536,  998,  999, 1021, 1020
471,  515,  516,  538,  537,  999, 1000, 1022, 1021
472,  516,  517,  539,  538, 1000, 1001, 1023, 1022
473,  517,  518,  540,  539, 1001, 1002, 1024, 1023
474,  518,  519,  541,  540, 1002, 1003, 1025, 1024
475,  519,  520,  542,  541, 1003, 1004, 1026, 1025
476,  520,  521,  543,  542, 1004, 1005, 1027, 1026
477,  521,  522,  544,  543, 1005, 1006, 1028, 1027
478,  522,  523,  545,  544, 1006, 1007, 1029, 1028
479,  523,  524,  546,  545, 1007, 1008, 1030, 1029
480,  524,  525,  547,  546, 1008, 1009, 1031, 1030
481,  525,  526,  548,  547, 1009, 1010, 1032, 1031
482,  526,  527,  549,  548, 1010, 1011, 1033, 1032
483,  527,  528,  550,  549, 1011, 1012, 1034, 1033
484,  529,  530,  552,  551, 1013, 1014, 1036, 1035
485,  530,  531,  553,  552, 1014, 1015, 1037, 1036
486,  531,  532,  554,  553, 1015, 1016, 1038, 1037
487,  532,  533,  555,  554, 1016, 1017, 1039, 1038
488,  533,  534,  556,  555, 1017, 1018, 1040, 1039
489,  534,  535,  557,  556, 1018, 1019, 1041, 1040
490,  535,  536,  558,  557, 1019, 1020, 1042, 1041
491,  536,  537,  559,  558, 1020, 1021, 1043, 1042
492,  537,  538,  560,  559, 1021, 1022, 1044, 1043
493,  538,  539,  561,  560, 1022, 1023, 1045, 1044
494,  539,  540,  562,  561, 1023, 1024, 1046, 1045
495,  540,  541,  563,  562, 1024, 1025, 1047, 1046
496,  541,  542,  564,  563, 1025, 1026, 1048, 1047
497,  542,  543,  565,  564, 1026, 1027, 1049, 1048
498,  543,  544,  566,  565, 1027, 1028, 1050, 1049
499,  544,  545,  567,  566, 1028, 1029, 1051, 1050
500,  545,  546,  568,  567, 1029, 1030, 1052, 1051
501,  546,  547,  569,  568, 1030, 1031, 1053, 1052
502,  547,  548,  570,  569, 1031, 1032, 1054, 1053
503,  548,  549,  571,  570, 1032, 1033, 1055, 1054
504,  549,  550,  572,  571, 1033, 1034, 1056, 1055
505,  551,  552,  574,  573, 1035, 1036, 1058, 1057
506,  552,  553,  575,  574, 1036, 1037, 1059, 1058
507,  553,  554,  576,  575, 1037, 1038, 1060, 1059
508,  554,  555,  577,  576, 1038, 1039, 1061, 1060
509,  555,  556,  578,  577, 1039, 1040, 1062, 1061
510,  556,  557,  579,  578, 1040, 1041, 1063, 1062
511,  557,  558,  580,  579, 1041, 1042, 1064, 1063
512,  558,  559,  581,  580, 1042, 1043, 1065, 1064
513,  559,  560,  582,  581, 1043, 1044, 1066, 1065
514,  560,  561,  583,  582, 1044, 1045, 1067, 1066
515,  561,  562,  584,  583, 1045, 1046, 1068, 1067
516,  562,  563,  585,  584, 1046, 1047, 1069, 1068
517,  563,  564,  586,  585, 1047, 1048, 1070, 1069
518,  564,  565,  587,  586, 1048, 1049, 1071, 1070
519,  565,  566,  588,  587, 1049, 1050, 1072, 1071
520,  566,  567,  589,  588, 1050, 1051, 1073, 1072
521,  567,  568,  590,  589, 1051, 1052, 1074, 1073
522,  568,  569,  591,  590, 1052, 1053, 1075, 1074
523,  569,  570,  592,  591, 1053, 1054, 1076, 1075
524,  570,  571,  593,  592, 1054, 1055, 1077, 1076
525,  571,  572,  594,  593, 1055, 1056, 1078, 1077
526,  573,  574,  596,  595, 1057, 1058, 1080, 1079
527,  574,  575,  597,  596, 1058, 1059, 1081, 1080
528,  575,  576,  598,  597, 1059, 1060, 1082, 1081
529,  576,  577,  599,  598, 1060, 1061, 1083, 1082
530,  577,  578,  600,  599, 1061, 1062, 1084, 1083
531,  578,  579,  601,  600, 1062, 1063, 1085, 1084
532,  579,  580,  602,  601, 1063, 1064, 1086, 1085
533,  580,  581,  603,  602, 1064, 1065, 1087, 1086
534,  581,  582,  604,  603, 1065, 1066, 1088, 1087
535,  582,  583,  605,  604, 1066, 1067, 1089, 1088
536,  583,  584,  606,  605, 1067, 1068, 1090, 1089
537,  584,  585,  607,  606, 1068, 1069, 1091, 1090
538,  585,  586,  608,  607, 1069, 1070, 1092, 1091
539,  586,  587,  609,  608, 1070, 1071, 1093, 1092
540,  587,  588,  610,  609, 1071, 1072, 1094, 1093
541,  588,  589,  611,  610, 1072, 1073, 1095, 1094
542,  589,  590,  612,  611, 1073, 1074, 1096, 1095
543,  590,  591,  613,  612, 1074, 1075, 1097, 1096
544,  591,  592,  614,  613, 1075, 1076, 1098, 1097
545,  592,  593,  615,  614, 1076, 1077, 1099, 1098
546,  593,  594,  616,  615, 1077, 1078, 1100, 1099
547,  595,  596,  618,  617, 1079, 1080, 1102, 1101
548,  596,  597,  619,  618, 1080, 1081, 1103, 1102
549,  597,  598,  620,  619, 1081, 1082, 1104, 1103
550,  598,  599,  621,  620, 1082, 1083, 1105, 1104
551,  599,  600,  622,  621, 1083, 1084, 1106, 1105
552,  600,  601,  623,  622, 1084, 1085, 1107, 1106
553,  601,  602,  624,  623, 1085, 1086, 1108, 1107
554,  602,  603,  625,  624, 1086, 1087, 1109, 1108
555,  603,  604,  626,  625, 1087, 1088, 1110, 1109
556,  604,  605,  627,  626, 1088, 1089, 1111, 1110
557,  605,  606,  628,  627, 1089, 1090, 1112, 1111
558,  606,  607,  629,  628, 1090, 1091, 1113, 1112
559,  607,  608,  630,  629, 1091, 1092, 1114, 1113
560,  608,  609,  631,  630, 1092, 1093, 1115, 1114
561,  609,  610,  632,  631, 1093, 1094, 1116, 1115
562,  610,  611,  633,  632, 1094, 1095, 1117, 1116
563,  611,  612,  634,  633, 1095, 1096, 1118, 1117
564,  612,  613,  635,  634, 1096, 1097, 1119, 1118
565,  613,  614,  636,  635, 1097, 1098, 1120, 1119
566,  614,  615,  637,  636, 1098, 1099, 1121, 1120
567,  615,  616,  638,  637, 1099, 1100, 1122, 1121
568,  617,  618,  640,  639, 1101, 1102, 1124, 1123
569,  618,  619,  641,  640, 1102, 1103, 1125, 1124
570,  619,  620,  642,  641, 1103, 1104, 1126, 1125
571,  620,  621,  643,  642, 1104, 1105, 1127, 1126
572,  621,  622,  644,  643, 1105, 1106, 1128, 1127
573,  622,  623,  645,  644, 1106, 1107, 1129, 1128
574,  623,  624,  646,  645, 1107, 1108, 1130, 1129
575,  624,  625,  647,  646, 1108, 1109, 1131, 1130
576,  625,  626,  648,  647, 1109, 1110, 1132, 1131
577,  626,  627,  649,  648, 1110, 1111, 1133, 1132
578,  627,  628,  650,  649, 1111, 1112, 1134, 1133
579,  628,  629,  651,  650, 1112, 1113, 1135, 1134
580,  629,  630,  652,  651, 1113, 1114, 1136, 1135
581,  630,  631,  653,  652, 1114, 1115, 1137, 1136
582,  631,  632,  654,  653, 1115, 1116, 1138, 1137
583,  632,  633,  655,  654, 1116, 1117, 1139, 1138
584,  633,  634,  656,  655, 1117, 1118, 1140, 1139
585,  634,  635,  657,  656, 1118, 1119, 1141, 1140
586,  635,  636,  658,  657, 1119, 1120, 1142, 1141
587,  636,  637,  659,  658, 1120, 1121, 1143, 1142
588,  637,  638,  660,  659, 1121, 1122, 1144, 1143
589,  639,  640,  662,  661, 1123, 1124, 1146, 1145
590,  640,  641,  663,  662, 1124, 1125, 1147, 1146
591,  641,  642,  664,  663, 1125, 1126, 1148, 1147
592,  642,  643,  665,  664, 1126, 1127, 1149, 1148
593,  643,  644,  666,  665, 1127, 1128, 1150, 1149
594,  644,  645,  667,  666, 1128, 1129, 1151, 1150
595,  645,  646,  668,  667, 1129, 1130, 1152, 1151
596,  646,  647,  669,  668, 1130, 1131, 1153, 1152
597,  647,  648,  670,  669, 1131, 1132, 1154, 1153
598,  648,  649,  671,  670, 1132, 1133, 1155, 1154
599,  649,  650,  672,  671, 1133, 1134, 1156, 1155
600,  650,  651,  673,  672, 1134, 1135, 1157, 1156
601,  651,  652,  674,  673, 1135, 1136, 1158, 1157
602,  652,  653,  675,  674, 1136, 1137, 1159, 1158
603,  653,  654,  676,  675, 1137, 1138, 1160, 1159
604,  654,  655,  677,  676, 1138, 1139, 1161, 1160
605,  655,  656,  678,  677, 1139, 1140, 1162, 1161
606,  656,  657,  679,  678, 1140, 1141, 1163, 1162
607,  657,  658,  680,  679, 1141, 1142, 1164, 1163
608,  658,  659,  681,  680, 1142, 1143, 1165, 1164
609,  659,  660,  682,  681, 1143, 1144, 1166, 1165
610,  661,  662,  684,  683, 1145, 1146, 1168, 1167
611,  662,  663,  685,  684, 1146, 1147, 1169, 1168
612,  663,  664,  686,  685, 1147, 1148, 1170, 1169
613,  664,  665,  687,  686, 1148, 1149, 1171, 1170
614,  665,  666,  688,  687, 1149, 1150, 1172, 1171
615,  666,  667,  689,  688, 1150, 1151, 1173, 1172
616,  667,  668,  690,  689, 1151, 1152, 1174, 1173
617,  668,  669,  691,  690, 1152, 1153, 1175, 1174
618,  669,  670,  692,  691, 1153, 1154, 1176, 1175
619,  670,  671,  693,  692, 1154, 1155, 1177, 1176
620,  671,  672,  694,  693, 1155, 1156, 1178, 1177
621,  672,  673,  695,  694, 1156, 1157, 1179, 1178
622,  673,  674,  696,  695, 1157, 1158, 1180, 1179
623,  674,  675,  697,  696, 1158, 1159, 1181, 1180
624,  675,  676,  698,  697, 1159, 1160, 1182, 1181
625,  676,  677,  699,  698, 1160, 1161, 1183, 1182
626,  677,  678,  700,  699, 1161, 1162, 1184, 1183
627,  678,  679,  701,  700, 1162, 1163, 1185, 1184
628,  679,  680,  702,  701, 1163, 1164, 1186, 1185
629,  680,  681,  703,  702, 1164, 1165, 1187, 1186
630,  681,  682,  704,  703, 1165, 1166, 1188, 1187
631,  683,  684,  706,  705, 1167, 1168, 1190, 1189
632,  684,  685,  707,  706, 1168, 1169, 1191, 1190
633,  685,  686,  708,  707, 1169, 1170, 1192, 1191
634,  686,  687,  709,  708, 1170, 1171, 1193, 1192
635,  687,  688,  710,  709, 1171, 1172, 1194, 1193
636,  688,  689,  711,  710, 1172, 1173, 1195, 1194
637,  689,  690,  712,  711, 1173, 1174, 1196, 1195
638,  690,  691,  713,  712, 1174, 1175, 1197, 1196
639,  691,  692,  714,  713, 1175, 1176, 1198, 1197
640,  692,  693,  715,  714, 1176, 1177, 1199, 1198
641,  693,  694,  716,  715, 1177, 1178, 1200, 1199
642,  694,  695,  717,  716, 1178, 1179, 1201, 1200
643,  695,  696,  718,  717, 1179, 1180, 1202, 1201
644,  696,  697,  719,  718, 1180, 1181, 1203, 1202
645,  697,  698,  720,  719, 1181, 1182, 1204, 1203
646,  698,  699,  721,  720, 1182, 1183, 1205, 1204
647,  699,  700,  722,  721, 1183, 1184, 1206, 1205
648,  700,  701,  723,  722, 1184, 1185, 1207, 1206
649,  701,  702,  724,  723, 1185, 1186, 1208, 1207
650,  702,  703,  725,  724, 1186, 1187, 1209, 1208
651,  703,  704,  726,  725, 1187, 1188, 1210, 1209
652,  705,  706,  728,  727, 1189, 1190, 1212, 1211
653,  706,  707,  729,  728, 1190, 1191, 1213, 1212
654,  707,  708,  730,  729, 1191, 1192, 1214, 1213
655,  708,  709,  731,  730, 1192, 1193, 1215, 1214
656,  709,  710,  732,  731, 1193, 1194, 1216, 1215
657,  710,  711,  733,  732, 1194, 1195, 1217, 1216
658,  711,  712,  734,  733, 1195, 1196, 1218, 1217
659,  712,  713,  735,  734, 1196, 1197, 1219, 1218
660,  713,  714,  736,  735, 1197, 1198, 1220, 1219
661,  714,  715,  737,  736, 1198, 1199, 1221, 1220
662,  715,  716,  738,  737, 1199, 1200, 1222, 1221
663,  716,  717,  739,  738, 1200, 1201, 1223, 1222
664,  717,  718,  740,  739, 1201, 1202, 1224, 1223
665,  718,  719,  741,  740, 1202, 1203, 1225, 1224
666,  719,  720,  742,  741, 1203, 1204, 1226, 1225
667,  720,  721,  743,  742, 1204, 1205, 1227, 1226
668,  721,  722,  744,  743, 1205, 1206, 1228, 1227
669,  722,  723,  745,  744, 1206, 1207, 1229, 1228
670,  723,  724,  746,  745, 1207, 1208, 1230, 1229
671,  724,  725,  747,  746, 1208, 1209, 1231, 1230
672,  725,  726,  748,  747, 1209, 1210, 1232, 1231
673,  727,  728,  750,  749, 1211, 1212, 1234, 1233
674,  728,  729,  751,  750, 1212, 1213, 1235, 1234
675,  729,  730,  752,  751, 1213, 1214, 1236, 1235
676,  730,  731,  753,  752, 1214, 1215, 1237, 1236
677,  731,  732,  754,  753, 1215, 1216, 1238, 1237
678,  732,  733,  755,  754, 1216, 1217, 1239, 1238
679,  733,  734,  756,  755, 1217, 1218, 1240, 1239
680,  734,  735,  757,  756, 1218, 1219, 1241, 1240
681,  735,  736,  758,  757, 1219, 1220, 1242, 1241
682,  736,  737,  759,  758, 1220, 1221, 1243, 1242
683,  737,  738,  760,  759, 1221, 1222, 1244, 1243
684,  738,  739,  761,  760, 1222, 1223, 1245, 1244
685,  739,  740,  762,  761, 1223, 1224, 1246, 1245
686,  740,  741,  763,  762, 1224, 1225, 1247, 1246
687,  741,  742,  764,  763, 1225, 1226, 1248, 1247
688,  742,  743,  765,  764, 1226, 1227, 1249, 1248
689,  743,  744,  766,  765, 1227, 1228, 1250, 1249
690,  744,  745,  767,  766, 1228, 1229, 1251, 1250
691,  745,  746,  768,  767, 1229, 1230, 1252, 1251
692,  746,  747,  769,  768, 1230, 1231, 1253, 1252
693,  747,  748,  770,  769, 1231, 1232, 1254, 1253
694,  749,  750,  772,  771, 1233, 1234, 1256, 1255
695,  750,  751,  773,  772, 1234, 1235, 1257, 1256
696,  751,  752,  774,  773, 1235, 1236, 1258, 1257
697,  752,  753,  775,  774, 1236, 1237, 1259, 1258
698,  753,  754,  776,  775, 1237, 1238, 1260, 1259
699,  754,  755,  777,  776, 1238, 1239, 1261, 1260
700,  755,  756,  778,  777, 1239, 1240, 1262, 1261
701,  756,  757,  779,  778, 1240, 1241, 1263, 1262
702,  757,  758,  780,  779, 1241, 1242, 1264, 1263
703,  758,  759,  781,  780, 1242, 1243, 1265, 1264
704,  759,  760,  782,  781, 1243, 1244, 1266, 1265
705,  760,  761,  783,  782, 1244, 1245, 1267, 1266
706,  761,  762,  784,  783, 1245, 1246, 1268, 1267
707,  762,  763,  785,  784, 1246, 1247, 1269, 1268
708,  763,  764,  786,  785, 1247, 1248, 1270, 1269
709,  764,  765,  787,  786, 1248, 1249, 1271, 1270
710,  765,  766,  788,  787, 1249, 1250, 1272, 1271
711,  766,  767,  789,  788, 1250, 1251, 1273, 1272
712,  767,  768,  790,  789, 1251, 1252, 1274, 1273
713,  768,  769,  791,  790, 1252, 1253, 1275, 1274
714,  769,  770,  792,  791, 1253, 1254, 1276, 1275
715,  771,  772,  794,  793, 1255, 1256, 1278, 1277
716,  772,  773,  795,  794, 1256, 1257, 1279, 1278
717,  773,  774,  796,  795, 1257, 1258, 1280, 1279
718,  774,  775,  797,  796, 1258, 1259, 1281, 1280
719,  775,  776,  798,  797, 1259, 1260, 1282, 1281
720,  776,  777,  799,  798, 1260, 1261, 1283, 1282
721,  777,  778,  800,  799, 1261, 1262, 1284, 1283
722,  778,  779,  801,  800, 1262, 1263, 1285, 1284
723,  779,  780,  802,  801, 1263, 1264, 1286, 1285
724,  780,  781,  803,  802, 1264, 1265, 1287, 1286
725,  781,  782,  804,  803, 1265, 1266, 1288, 1287
726,  782,  783,  805,  804, 1266, 1267, 1289, 1288
727,  783,  784,  806,  805, 1267, 1268, 1290, 1289
728,  784,  785,  807,  806, 1268, 1269, 1291, 1290
729,  785,  786,  808,  807, 1269, 1270, 1292, 1291
730,  786,  787,  809,  808, 1270, 1271, 1293, 1292
731,  787,  788,  810,  809, 1271, 1272, 1294, 1293
732,  788,  789,  811,  810, 1272, 1273, 1295, 1294
733,  789,  790,  812,  811, 1273, 1274, 1296, 1295
734,  790,  791,  813,  812, 1274, 1275, 1297, 1296
735,  791,  792,  814,  813, 1275, 1276, 1298, 1297
736,  793,  794,  816,  815, 1277, 1278, 1300, 1299
737,  794,  795,  817,  816, 1278, 1279, 1301, 1300
738,  795,  796,  818,  817, 1279, 1280, 1302, 1301
739,  796,  797,  819,  818, 1280, 1281, 1303, 1302
740,  797,  798,  820,  819, 1281, 1282, 1304, 1303
741,  798,  799,  821,  820, 1282, 1283, 1305, 1304
742,  799,  800,  822,  821, 1283, 1284, 1306, 1305
743,  800,  801,  823,  822, 1284, 1285, 1307, 1306
744,  801,  802,  824,  823, 1285, 1286, 1308, 1307
745,  802,  803,  825,  824, 1286, 1287, 1309, 1308
746,  803,  804,  826,  825, 1287, 1288, 1310, 1309
747,  804,  805,  827,  826, 1288, 1289, 1311, 1310
748,  805,  806,  828,  827, 1289, 1290, 1312, 1311
749,  806,  807,  829,  828, 1290, 1291, 1313, 1312
750,  807,  808,  830,  829, 1291, 1292, 1314, 1313
751,  808,  809,  831,  830, 1292, 1293, 1315, 1314
752,  809,  810,  832,  831, 1293, 1294, 1316, 1315
753,  810,  811,  833,  832, 1294, 1295, 1317, 1316
754,  811,  812,  834,  833, 1295, 1296, 1318, 1317
755,  812,  813,  835,  834, 1296, 1297, 1319, 1318
756,  813,  814,  836,  835, 1297, 1298, 1320, 1319
757,  815,  816,  838,  837, 1299, 1300, 1322, 1321
758,  816,  817,  839,  838, 1300, 1301, 1323, 1322
759,  817,  818,  840,  839, 1301, 1302, 1324, 1323
760,  818,  819,  841,  840, 1302, 1303, 1325, 1324
761,  819,  820,  842,  841, 1303, 1304, 1326, 1325
762,  820,  821,  843,  842, 1304, 1305, 1327, 1326
763,  821,  822,  844,  843, 1305, 1306, 1328, 1327
764,  822,  823,  845,  844, 1306, 1307, 1329, 1328
765,  823,  824,  846,  845, 1307, 1308, 1330, 1329
766,  824,  825,  847,  846, 1308, 1309, 1331, 1330
767,  825,  826,  848,  847, 1309, 1310, 1332, 1331
768,  826,  827,  849,  848, 1310, 1311, 1333, 1332
769,  827,  828,  850,  849, 1311, 1312, 1334, 1333
770,  828,  829,  851,  850, 1312, 1313, 1335, 1334
771,  829,  830,  852,  851, 1313, 1314, 1336, 1335
772,  830,  831,  853,  852, 1314, 1315, 1337, 1336
773,  831,  832,  854,  853, 1315, 1316, 1338, 1337
774,  832,  833,  855,  854, 1316, 1317, 1339, 1338
775,  833,  834,  856,  855, 1317, 1318, 1340, 1339
776,  834,  835,  857,  856, 1318, 1319, 1341, 1340
777,  835,  836,  858,  857, 1319, 1320, 1342, 1341
778,  837,  838,  860,  859, 1321, 1322, 1344, 1343
779,  838,  839,  861,  860, 1322, 1323, 1345, 1344
780,  839,  840,  862,  861, 1323, 1324, 1346, 1345
781,  840,  841,  863,  862, 1324, 1325, 1347, 1346
782,  841,  842,  864,  863, 1325, 1326, 1348, 1347
783,  842,  843,  865,  864, 1326, 1327, 1349, 1348
784,  843,  844,  866,  865, 1327, 1328, 1350, 1349
785,  844,  845,  867,  866, 1328, 1329, 1351, 1350
786,  845,  846,  868,  867, 1329, 1330, 1352, 1351
787,  846,  847,  869,  868, 1330, 1331, 1353, 1352
788,  847,  848,  870,  869, 1331, 1332, 1354, 1353
789,  848,  849,  871,  870, 1332, 1333, 1355, 1354
790,  849,  850,  872,  871, 1333, 1334, 1356, 1355
791,  850,  851,  873,  872, 1334, 1335, 1357, 1356
792,  851,  852,  874,  873, 1335, 1336, 1358, 1357
793,  852,  853,  875,  874, 1336, 1337, 1359, 1358
794,  853,  854,  876,  875, 1337, 1338, 1360, 1359
795,  854,  855,  877,  876, 1338, 1339, 1361, 1360
796,  855,  856,  878,  877, 1339, 1340, 1362, 1361
797,  856,  857,  879,  878, 1340, 1341, 1363, 1362
798,  857,  858,  880,  879, 1341, 1342, 1364, 1363
799,  859,  860,  882,  881, 1343, 1344, 1366, 1365
800,  860,  861,  883,  882, 1344, 1345, 1367, 1366
801,  861,  862,  884,  883, 1345, 1346, 1368, 1367
802,  862,  863,  885,  884, 1346, 1347, 1369, 1368
803,  863,  864,  886,  885, 1347, 1348, 1370, 1369
804,  864,  865,  887,  886, 1348, 1349, 1371, 1370
805,  865,  866,  888,  887, 1349, 1350, 1372, 1371
806,  866,  867,  889,  888, 1350, 1351, 1373, 1372
807,  867,  868,  890,  889, 1351, 1352, 1374, 1373
808,  868,  869,  891,  890, 1352, 1353, 1375, 1374
809,  869,  870,  892,  891, 1353, 1354, 1376, 1375
810,  870,  871,  893,  892, 1354, 1355, 1377, 1376
811,  871,  872,  894,  893, 1355, 1356, 1378, 1377
812,  872,  873,  895,  894, 1356, 1357, 1379, 1378
813,  873,  874,  896,  895, 1357, 1358, 1380, 1379
814,  874,  875,  897,  896, 1358, 1359, 1381, 1380
815,  875,  876,  898,  897, 1359, 1360, 1382, 1381
816,  876,  877,  899,  898, 1360, 1361, 1383, 1382
817,  877,  878,  900,  899, 1361, 1362, 1384, 1383
818,  878,  879,  901,  900, 1362, 1363, 1385, 1384
819,  879,  880,  902,  901, 1363, 1364, 1386, 1385
820,  881,  882,  904,  903, 1365, 1366, 1388, 1387
821,  882,  883,  905,  904, 1366, 1367, 1389, 1388
822,  883,  884,  906,  905, 1367, 1368, 1390, 1389
823,  884,  885,  907,  906, 1368, 1369, 1391, 1390
824,  885,  886,  908,  907, 1369, 1370, 1392, 1391
825,  886,  887,  909,  908, 1370, 1371, 1393, 1392
826,  887,  888,  910,  909, 1371, 1372, 1394, 1393
827,  888,  889,  911,  910, 1372, 1373, 1395, 1394
828,  889,  890,  912,  911, 1373, 1374, 1396, 1395
829,  890,  891,  913,  912, 1374, 1375, 1397, 1396
830,  891,  892,  914,  913, 1375, 1376, 1398, 1397
831,  892,  893,  915,  914, 1376, 1377, 1399, 1398
832,  893,  894,  916,  915, 1377, 1378, 1400, 1399
833,  894,  895,  917,  916, 1378, 1379, 1401, 1400
834,  895,  896,  918,  917, 1379, 1380, 1402, 1401
835,  896,  897,  919,  918, 1380, 1381, 1403, 1402
836,  897,  898,  920,  919, 1381, 1382, 1404, 1403
837,  898,  899,  921,  920, 1382, 1383, 1405, 1404
838,  899,  900,  922,  921, 1383, 1384, 1406, 1405
839,  900,  901,  923,  922, 1384, 1385, 1407, 1406
840,  901,  902,  924,  923, 1385, 1386, 1408, 1407
841,  903,  904,  926,  925, 1387, 1388, 1410, 1409
842,  904,  905,  927,  926, 1388, 1389, 1411, 1410
843,  905,  906,  928,  927, 1389, 1390, 1412, 1411
844,  906,  907,  929,  928, 1390, 1391, 1413, 1412
845,  907,  908,  930,  929, 1391, 1392, 1414, 1413
846,  908,  909,  931,  930, 1392, 1393, 1415, 1414
847,  909,  910,  932,  931, 1393, 1394, 1416, 1415
848,  910,  911,  933,  932, 1394, 1395, 1417, 1416
849,  911,  912,  934,  933, 1395, 1396, 1418, 1417
850,  912,  913,  935,  934, 1396, 1397, 1419, 1418
851,  913,  914,  936,  935, 1397, 1398, 1420, 1419
852,  914,  915,  937,  936, 1398, 1399, 1421, 1420
853,  915,  916,  938,  937, 1399, 1400, 1422, 1421
854,  916,  917,  939,  938, 1400, 1401, 1423, 1422
855,  917,  918,  940,  939, 1401, 1402, 1424, 1423
856,  918,  919,  941,  940, 1402, 1403, 1425, 1424
857,  919,  920,  942,  941, 1403, 1404, 1426, 1425
858,  920,  921,  943,  942, 1404, 1405, 1427, 1426
859,  921,  922,  944,  943, 1405, 1406, 1428, 1427
860,  922,  923,  945,  944, 1406, 1407, 1429, 1428
861,  923,  924,  946,  945, 1407, 1408, 1430, 1429
862,  925,  926,  948,  947, 1409, 1410, 1432, 1431
863,  926,  927,  949,  948, 1410, 1411, 1433, 1432
864,  927,  928,  950,  949, 1411, 1412, 1434, 1433
865,  928,  929,  951,  950, 1412, 1413, 1435, 1434
866,  929,  930,  952,  951, 1413, 1414, 1436, 1435
867,  930,  931,  953,  952, 1414, 1415, 1437, 1436
868,  931,  932,  954,  953, 1415, 1416, 1438, 1437
869,  932,  933,  955,  954, 1416, 1417, 1439, 1438
870,  933,  934,  956,  955, 1417, 1418, 1440, 1439
871,  934,  935,  957,  956, 1418, 1419, 1441, 1440
872,  935,  936,  958,  957, 1419, 1420, 1442, 1441
873,  936,  937,  959,  958, 1420, 1421, 1443, 1442
874,  937,  938,  960,  959, 1421, 1422, 1444, 1443
875,  938,  939,  961,  960, 1422, 1423, 1445, 1444
876,  939,  940,  962,  961, 1423, 1424, 1446, 1445
877,  940,  941,  963,  962, 1424, 1425, 1447, 1446
878,  941,  942,  964,  963, 1425, 1426, 1448, 1447
879,  942,  943,  965,  964, 1426, 1427, 1449, 1448
880,  943,  944,  966,  965, 1427, 1428, 1450, 1449
881,  944,  945,  967,  966, 1428, 1429, 1451, 1450
882,  945,  946,  968,  967, 1429, 1430, 1452, 1451
