0.01 -0.10641 0.0036216 0.00769551
0.02 -0.376947 -0.0174573 0.0200878
0.03 -0.0959482 -0.116247 -0.0273646
0.04 0.797002 -0.125821 -0.0926887
0.05 1.59112 0.0678188 -0.0831723
0.06 2.4666 0.397728 -0.0821855
0.07 2.54829 0.930388 0.0269168
0.08 2.12221 1.37259 0.274479
0.09 2.38469 1.62913 0.465466
0.1 -0.344489 1.9402 0.94627
0.11 -4.66439 1.4198 1.35579
0.12 -5.71485 -0.0749499 1.15873
0.13 -5.99042 -1.50252 0.992825
0.14 -5.89618 -2.88656 0.612443
0.15 -4.56581 -3.87482 -0.510768
0.16 -5.25281 -4.13535 -1.35891
0.17 -7.28118 -4.26992 -1.95071
0.18 -10.8963 -4.6591 -2.60646
0.19 -18.7422 -5.87538 -2.94873
0.2 -26.9158 -8.78931 -3.53698
0.21 -33.9438 -13.0889 -4.54862
0.22 -40.6844 -18.4453 -5.90151
0.23 -44.8544 -24.365 -8.28897
0.24 -47.4896 -29.7782 -11.4598
0.25 -49.273 -34.2762 -14.9498
0.26 -51.3803 -37.6756 -18.5412
0.27 -55.9264 -40.3804 -21.7502
0.28 -59.5344 -43.3039 -24.6075
0.29 -60.3289 -46.4097 -27.038
0.3 -59.5858 -49.3801 -28.9903
0.31 -57.4175 -51.9138 -30.8957
0.32 -55.9842 -53.4605 -32.6402
0.33 -54.066 -54.1408 -34.1451
0.34 -47.0847 -53.8365 -35.5475
0.35 -41.6127 -51.4582 -35.9753
0.36 -40.9754 -47.743 -35.3162
0.37 -32.3039 -44.0846 -34.3839
0.38 -12.7847 -39.0492 -32.2473
0.39 8.21871 -31.1501 -28.3794
0.4 24.0656 -20.3225 -23.7716
0.41 41.9671 -7.55659 -18.8017
0.42 58.1787 8.12983 -11.7628
0.43 75.3833 22.0601 -2.14572
0.44 91.9521 37.2944 7.03692
0.45 101.408 52.8861 16.9387
0.46 110.254 66.4425 27.3397
0.47 123.506 78.9356 37.0989
0.48 133.142 90.9698 46.6683
0.49 136.118 102.027 55.0529
0.5 135.303 111.332 61.9344
0.51 132.152 118.084 68.1626
0.52 129.167 121.651 73.48
0.53 129.191 122.468 77.1812
0.54 132.646 122.034 79.2192
0.55 134.829 121.843 79.9648
0.56 128.473 121.932 79.6846
0.57 111.905 120.619 78.3222
0.58 80.1346 116.135 76.3829
0.59 34.2138 105.626 73.5688
0.6 -13.9279 86.8989 68.7638
0.61 -44.8503 60.078 61.0482
0.62 -77.3996 29.9118 51.7623
0.63 -107.94 -5.59767 38.983
0.64 -129.939 -35.9876 19.647
0.65 -139.688 -62.9508 -1.43644
0.66 -140.726 -86.5442 -21.8953
0.67 -141.007 -103.065 -41.3683
0.68 -133.294 -114.711 -59.0133
0.69 -110.842 -122.452 -73.488
0.7 -95.5949 -124.385 -83.1186
0.71 -98.4554 -122.372 -89.3531
0.72 -98.0522 -119.393 -93.8943
0.73 -95.1852 -114.44 -94.2051
0.74 -100.268 -108.288 -89.9615
0.75 -104.805 -102.797 -83.7831
0.76 -105.188 -97.0609 -75.279
0.77 -107.542 -90.3721 -63.643
0.78 -112.379 -83.6676 -50.7032
0.79 -107.569 -77.9695 -38.4783
0.8 -83.254 -72.0841 -27.4005
0.81 -50.1577 -63.2458 -17.4059
0.82 -13.6234 -51.0339 -10.3358
0.83 37.6135 -35.1552 -7.24507
0.84 77.4782 -11.2783 -3.69138
0.85 114.058 17.3909 -0.335684
0.86 143.691 44.2124 5.14473
0.87 165.137 71.6448 11.1238
0.88 184.4 96.1801 19.8943
0.89 197.263 116.958 31.1451
0.9 205.319 134.387 42.8258
0.91 208.095 149.425 55.7821
0.92 204.183 162.591 70.5247
0.93 193.772 172.868 86.2451
0.94 170.58 179.061 102.439
0.95 134.177 179.075 117.725
0.96 94.2908 171.169 129.841
0.97 58.6671 155.565 136.888
0.98 24.4118 134.143 137.377
0.99 -15.8941 108.534 130.173
1 -40.1731 78.23 113.829
1.01 -52.772 47.5435 90.8289
1.02 -62.8269 18.1536 63.0658
1.03 -83.7868 -9.35341 32.2362
1.04 -106.908 -31.7946 -1.96963
1.05 -121.412 -56.3988 -28.724
1.06 -137.867 -79.3081 -48.6748
1.07 -154.054 -101.688 -67.071
1.08 -157.44 -124.567 -83.194
1.09 -148.437 -143.314 -95.341
1.1 -134.77 -155.488 -104.196
1.11 -121.184 -159.661 -110.487
1.12 -115.605 -154.754 -112.093
1.13 -121.485 -143.184 -107.538
1.14 -130.993 -129.888 -97.9283
1.15 -146.396 -118.274 -84.317
1.16 -171.381 -111.417 -68.6998
1.17 -190.871 -111.693 -54.8079
1.18 -193.331 -117.238 -44.8282
1.19 -190.419 -123.751 -39.1991
1.2 -190.886 -129.256 -39.1893
1.21 -179.105 -133.722 -45.0753
1.22 -155.069 -134.986 -53.0418
1.23 -130.316 -132.537 -61.0435
1.24 -98.1561 -128.033 -70.2062
1.25 -54.4865 -120.896 -79.053
1.26 1.9485 -110.15 -86.0632
1.27 55.4424 -93.7198 -90.4404
1.28 107.895 -71.843 -92.4248
1.29 154.471 -42.0426 -89.6811
1.3 186.077 -2.32575 -79.7107
1.31 215.33 39.4118 -61.3414
1.32 239.011 79.0366 -34.3742
1.33 248.931 119.93 0.458525
1.34 258.621 157.513 37.4205
1.35 267.418 189.575 70.9562
1.36 261.529 215.892 103.519
1.37 246.798 236.186 132.611
1.38 232.991 248.872 155.751
1.39 218.112 253.904 173.59
1.4 202.114 252.363 185.813
1.41 190.633 245.662 191.492
1.42 169.508 236.132 191.298
1.43 123.045 222.792 185.259
1.44 61.0664 201.595 172.359
1.45 -15.8058 170.38 153.819
1.46 -69.8119 125.273 128.044
1.47 -114.276 71.4786 97.4477
1.48 -156.078 8.44504 62.877
1.49 -184.267 -54.2431 21.4844
1.5 -204.796 -102.034 -23.6111
1.51 -229.755 -147.651 -54.7614
1.52 -263.829 -182.47 -84.9185
1.53 -302.729 -212.054 -113.073
1.54 -337.003 -242.038 -133.934
1.55 -365.72 -272.789 -150.31
1.56 -393.012 -304.457 -165.529
1.57 -411.227 -334.225 -181.16
1.58 -410 -358.029 -196.447
1.59 -390.032 -372.763 -210.523
1.6 -363.137 -377.09 -222.94
1.61 -334.901 -371.994 -232.984
1.62 -299.919 -359.54 -239.324
1.63 -260.834 -341.207 -240.431
1.64 -224.344 -318.904 -236.474
1.65 -193.451 -294.78 -228.63
1.66 -178.045 -270.759 -217.402
1.67 -174.523 -250.306 -204.67
1.68 -160.057 -234.941 -193.047
1.69 -124.81 -220.602 -183.111
1.7 -84.4459 -201.074 -174.049
1.71 -43.8289 -173.933 -165.554
1.72 27.4804 -139.874 -156.952
1.73 78.5032 -94.1214 -141.875
1.74 101.967 -44.602 -122.032
1.75 111.968 4.85406 -99.0432
1.76 120.988 38.6793 -68.3898
1.77 126.573 61.2646 -35.6886
1.78 119.516 76.0218 -2.21551
1.79 100.52 82.5493 26.7116
1.8 76.7928 83.348 44.5384
1.81 52.6213 79.9152 55.452
1.82 42.0818 75.102 58.5996
1.83 31.8345 70.0575 54.2123
1.84 -17.9221 62.4443 46.1234
1.85 -64.4181 42.326 31.8687
1.86 -106.955 10.2126 14.3229
1.87 -159.331 -34.0792 -7.87926
1.88 -208.773 -80.7158 -36.9599
1.89 -235.251 -130.959 -66.3367
1.9 -246.333 -176.957 -96.9383
1.91 -253.037 -214.646 -128.223
1.92 -232.356 -243.327 -159.899
1.93 -183.495 -258.126 -189.1
1.94 -129.872 -257.033 -212.148
1.95 -61.1795 -242.487 -228.068
1.96 39.1792 -214.882 -233.795
1.97 119.858 -171.327 -224.796
1.98 218.23 -118.434 -207.075
1.99 317.327 -47.0753 -179.027
2 390.204 49.0866 -138.129
2.01 436.212 132.115 -78.2339
2.02 472.027 217.635 -12.2592
2.03 519.35 301.728 61.8915
2.04 557.243 379.603 126.975
2.05 576.098 445.885 185.871
2.06 588.117 504.081 241.969
2.07 599.127 552.777 292.309
2.08 620.254 588.788 334.681
2.09 653.941 616.137 369.473
2.1 689.317 640.59 397.91
2.11 716.594 665.162 420.583
2.12 734.174 689.943 438.747
2.13 738.188 713.855 454.074
2.14 717.745 734.523 467.18
2.15 672.003 747.305 477.542
2.16 613.185 747.163 485.479
2.17 549.742 731.503 492.415
2.18 472.819 701.237 499.21
2.19 373.074 658.543 504.843
2.2 273.677 604.76 506.827
2.21 193.193 543.269 504.456
2.22 111.35 478.134 497.775
2.23 42.4857 409.005 483.294
2.24 24.7597 338.334 459.112
2.25 28.8383 274.704 427.639
2.26 34.3784 220.714 387.584
2.27 42.3925 177.173 339.322
2.28 48.9274 143.004 287.429
2.29 50.9623 114.443 235.235
2.3 35.4419 89.0766 184.869
2.31 -2.5377 63.5177 137.81
2.32 -57.9662 34.0907 95.6129
2.33 -112.332 -4.92063 59.2863
2.34 -153.832 -43.2238 26.3428
2.35 -190.094 -78.3883 0.473104
2.36 -239.092 -111.211 -15.7296
2.37 -292.072 -140.927 -25.4694
2.38 -335.172 -170.184 -29.6772
2.39 -375.172 -200.829 -28.9353
2.4 -402.347 -233.799 -29.1859
2.41 -407.667 -266.789 -33.9425
2.42 -416.242 -295.929 -42.1278
2.43 -440.607 -322.014 -56.3509
2.44 -464.327 -347.595 -78.9269
2.45 -491.527 -372.17 -106.563
2.46 -530.451 -396.66 -137.381
2.47 -565.787 -423.733 -170.771
2.48 -587.73 -453.536 -203.292
2.49 -601.109 -484.765 -233.189
2.5 -607.986 -516.123 -262.124
2.51 -614.259 -545.662 -290.638
2.52 -627.176 -572.975 -317.792
2.53 -636.035 -599.872 -343.27
2.54 -634.986 -626.329 -366.241
2.55 -631.97 -650.607 -386.787
2.56 -635.555 -670.965 -406.445
2.57 -644.836 -686.85 -426.379
2.58 -646.911 -698.791 -446.892
2.59 -638.331 -706.326 -467.276
2.6 -624.239 -708.746 -487.087
2.61 -608.501 -705.76 -505.849
2.62 -594.902 -697.911 -522.176
2.63 -583.165 -687.036 -534.817
2.64 -577.03 -674.932 -542.772
2.65 -579.639 -663.753 -545.922
2.66 -577.896 -655.935 -545.45
2.67 -551.238 -651.565 -542.853
2.68 -502.152 -646.604 -539.131
2.69 -446.79 -636.038 -535.646
2.7 -384.301 -616.481 -533.234
2.71 -309.522 -585.361 -529.913
2.72 -226.803 -541.631 -522.623
2.73 -140.318 -486.222 -509.421
2.74 -52.4259 -420.948 -488.816
2.75 70.3118 -349.062 -461.307
2.76 190.718 -265.871 -424.137
2.77 298.127 -172.06 -379.742
2.78 366.42 -63.2636 -327.999
2.79 402.335 59.7537 -268.259
2.8 427.295 146.801 -192.757
2.81 449.136 226.526 -119.096
2.82 486.35 296.521 -37.7285
2.83 544.831 354.1 50.7758
2.84 612.157 414.522 115.703
2.85 674.412 474.314 174.047
2.86 724.516 540.093 232.038
2.87 755.311 606.098 281.722
2.88 784.86 662.81 322.182
2.89 838.089 710.559 357.865
2.9 893.22 754.771 392.174
2.91 924.225 797.513 422.744
2.92 931.384 837.981 447.869
2.93 907.339 874.482 470.403
2.94 863.678 901.858 491.704
2.95 822.849 916.56 512.912
2.96 781.89 918.954 536.762
2.97 742.063 909.932 563.512
2.98 705.957 892.235 592.367
2.99 668.293 869.23 621.733
3 634.947 842.919 648.166
3.01 597.192 815.344 669.768
3.02 542.303 785.472 685.131
3.03 490.184 749.701 691.958
3.04 457.602 708.388 689.608
3.05 442.094 665.615 677.53
3.06 433.068 626.579 655.322
3.07 412.55 594.204 625.074
3.08 369.028 565.601 590.052
3.09 290.491 534.306 553.393
3.1 160.456 492.461 516.841
3.11 -39.0841 432.081 480.619
3.12 -184.715 341.098 438.411
3.13 -313.306 230.309 396.271
3.14 -430.987 96.5264 349.44
3.15 -509.531 -66.2312 292.071
3.16 -561.372 -183.905 213.212
3.17 -586.748 -291.157 135.116
3.18 -601.007 -383.828 42.7906
3.19 -612.046 -451.762 -62.8278
3.2 -621.746 -509.966 -138.527
3.21 -634.902 -556.806 -204.231
3.22 -654.165 -604.921 -269.96
3.23 -693.24 -651.141 -325.391
3.24 -764.988 -690.653 -369.542
3.25 -840.392 -729.399 -408.245
3.26 -886.443 -770.147 -442.353
3.27 -898.673 -809.534 -469.703
3.28 -878.444 -842.285 -491.435
3.29 -830.722 -863.049 -509.14
3.3 -768.244 -868.734 -523.027
3.31 -703.758 -859.723 -533.373
3.32 -651.756 -838.885 -540.78
3.33 -615.219 -811.498 -546.827
3.34 -573.668 -783.053 -553.58
3.35 -511.02 -754.609 -561.533
3.36 -434.27 -722.317 -570.033
3.37 -343.886 -680.899 -578.655
3.38 -228.464 -624.741 -585.277
3.39 -96.0375 -549.193 -585.321
3.4 55.416 -455.113 -575.432
3.41 148.981 -343.064 -548.54
3.42 231.748 -229.463 -506.374
3.43 292.568 -116.905 -444.583
3.44 299.913 -8.62735 -363.417
3.45 263.015 72.8377 -266.843
3.46 218.311 117.914 -164.223
3.47 173.271 149.813 -64.1992
3.48 111.379 165.994 36.8525
3.49 71.7064 173.836 95.8776
3.5 83.3541 173.001 128.259
3.51 121.985 181.517 150.207
3.52 153.872 198.595 155.358
3.53 162.432 211.864 145.061
3.54 170.718 215.56 127.406
3.55 188.626 209.044 108.366
3.56 185.842 193.751 87.1844
3.57 146.445 169.544 60.7115
3.58 110.792 135.397 28.4359
3.59 101.183 96.4709 -7.46972
3.6 82.4343 58.3734 -38.4023
3.61 67.2785 24.7179 -70.3228
3.62 101.655 -2.88311 -102.181
3.63 173.673 -8.80313 -123.275
3.64 259.189 9.49369 -128.081
3.65 338.802 47.1194 -117.888
3.66 397.453 101.654 -92.8608
3.67 433.49 164.897 -51.1161
3.68 452.498 227.681 8.60507
3.69 455.63 288.881 68.401
3.7 440.138 342.132 123.546
3.71 421.319 386.637 176.425
3.72 418.22 424.502 221.385
3.73 429.118 455.892 254.594
3.74 435.794 482.319 277.752
3.75 423.706 503.212 294.81
3.76 408.283 514.014 308.356
3.77 388.949 512.826 321.346
3.78 355.607 499.266 334.054
3.79 330.282 474.011 343.354
3.8 291.401 442.82 349.764
3.81 212.856 405.836 351.21
3.82 132.126 358.437 342.162
3.83 78.9963 302.649 321.815
3.84 10.9868 245.654 292.443
3.85 -62.397 186.573 251.63
3.86 -89.4507 125.875 201.475
3.87 -116.598 70.9102 152.743
3.88 -129.529 14.5228 105.095
3.89 -133.669 -35.9941 58.8204
3.9 -172.174 -69.5115 19.4418
3.91 -233.794 -106.475 -9.83732
3.92 -298.326 -147.306 -32.0864
3.93 -362.105 -189.505 -49.8591
3.94 -424.75 -236.458 -68.1747
3.95 -480.96 -286.85 -91.3941
3.96 -527.023 -337.508 -118.793
3.97 -565.555 -385.932 -148.765
3.98 -592.614 -430.924 -180.686
3.99 -601.149 -470.592 -212.553
4 -602.55 -502.499 -240.854
4.01 -603.754 -527.513 -264.294
4.02 -595.517 -547.873 -283.174
4.03 -575.877 -563.859 -297.936
4.04 -546.179 -574.749 -311.287
4.05 -521.922 -578.939 -325.74
4.06 -507.393 -577.761 -343.017
4.07 -473.789 -573.995 -363.808
4.08 -412.863 -565.697 -385.437
4.09 -332.665 -548.897 -405.761
4.1 -227.075 -519.377 -423.115
4.11 -79.0857 -472.657 -433.57
4.12 131.951 -404.358 -432.881
4.13 259.623 -304.045 -411.382
4.14 355.447 -188.18 -376.463
4.15 438.579 -54.7738 -324.646
4.16 512.78 89.6178 -252.853
4.17 576.928 193.491 -159.143
4.18 619.58 296.358 -65.9967
4.19 656.859 390.58 43.6945
4.2 687.969 475.478 132.258
4.21 691.407 546.165 205.502
4.22 680.657 609.922 275.63
4.23 686.585 666.779 336.614
4.24 709.738 711.201 388.3
4.25 732.26 743.803 433.837
4.26 744.192 767.121 473.365
4.27 754.676 783 504.06
4.28 759.353 794.124 524.927
4.29 739.454 801.532 536.856
4.3 699.274 802.459 540.901
4.31 659.803 793.717 539.173
4.32 627.449 774.829 534.047
4.33 598.756 747.955 526.523
4.34 572.425 717.191 517.963
4.35 539.175 686.599 511.463
4.36 488.206 656.59 509.06
4.37 402.752 624.157 510.826
4.38 298.997 582.644 513.35
4.39 210.025 528.71 513.047
4.4 107.991 465.719 509.153
4.41 -55.3237 394.096 498.73
4.42 -173.244 305.053 472.807
4.43 -254.398 208.421 435.059
4.44 -307.381 105.532 382.309
4.45 -355.394 -2.7082 312.872
4.46 -399.105 -92.6573 225.702
4.47 -436.058 -167.327 134.095
4.48 -494.001 -242.102 44.7973
4.49 -580.29 -315.637 -48.153
4.5 -678.975 -396.769 -114.614
4.51 -752.274 -480.733 -170.707
4.52 -781.397 -569.915 -227.022
4.53 -788.81 -652.632 -277.624
4.54 -792.812 -716.656 -324.213
4.55 -779.985 -760.412 -370.881
4.56 -739.733 -784.727 -415.408
4.57 -684.782 -790.89 -452.733
4.58 -619.282 -782.149 -480.864
4.59 -538.691 -761.313 -498.911
4.6 -458.339 -729.461 -506.006
4.61 -390.657 -688.421 -504.176
4.62 -331.169 -639.64 -496.492
4.63 -272.159 -583.446 -484.584
4.64 -190.974 -520.43 -469.932
4.65 -60.8436 -448.596 -452.639
4.66 119.838 -361.871 -430.403
4.67 244.273 -250.417 -396.765
4.68 366.784 -123.019 -356.143
4.69 475.12 38.3768 -302.849
4.7 549.75 166.274 -220.842
4.71 575.255 277.816 -132.67
4.72 563.766 373.332 -29.1961
4.73 526.283 439.421 88.4192
4.74 463.98 482.685 176.954
4.75 386.739 499.41 253.096
4.76 297.826 504.789 321.29
4.77 200.739 496.879 368.485
4.78 115.636 468.447 391.398
4.79 57.2495 422.683 393.539
4.8 12.5205 366.312 377.046
4.81 -26.8695 303.445 340.787
4.82 -28.8733 236.03 285.64
4.83 -38.387 171.721 221.33
4.84 -74.4979 106.529 151.987
4.85 -121.291 33.8503 78.3814
4.86 -199.103 -49.2945 2.09668
4.87 -312.621 -125.616 -70.6526
4.88 -423.847 -212.415 -123.603
4.89 -498.855 -299.631 -174.669
4.9 -545.702 -379.899 -221.504
4.91 -586.41 -448.693 -259.374
4.92 -609.325 -505.593 -293.645
4.93 -611.822 -550.244 -323.957
4.94 -601.378 -580.602 -347.013
4.95 -575.447 -595.538 -361.725
4.96 -540.572 -595.273 -368.203
4.97 -491.477 -583.825 -369.541
4.98 -421.133 -564.332 -369.499
4.99 -347.755 -536.719 -370.052
5 -297.343 -501.13 -372.198
5.01 -271.446 -460.687 -375.342
5.02 -243.542 -420.001 -376.853
5.03 -199.916 -380.424 -373.05
5.04 -153.267 -340.222 -361.819
5.05 -117.099 -297.89 -342.934
5.06 -69.033 -254.389 -317.311
5.07 18.1895 -208.329 -285.245
5.08 85.0526 -152.989 -245.018
5.09 157.621 -93.4245 -203.809
5.1 246.174 -22.8171 -162.216
5.11 328.392 59.4205 -115.614
5.12 393.47 128.132 -61.8066
5.13 435.363 199.414 -10.3322
5.14 459.578 265.991 45.2397
5.15 469.231 322.191 92.7927
5.16 464.279 365.338 135.28
5.17 448.068 399.477 174.868
5.18 427.298 424.93 207.354
5.19 398.411 440.376 232.309
5.2 357.8 445.806 251.062
5.21 310.246 440.43 264.251
5.22 268.615 423.255 271.581
5.23 248.703 395.39 272.393
5.24 259.711 361.683 266.052
5.25 295.829 329.847 252.454
5.26 325.072 307.178 233.406
5.27 329.804 293.98 211.044
5.28 321.275 285.953 188.434
5.29 295.514 279.762 170.511
5.3 247.441 270.939 158.902
5.31 190.743 255.456 152.092
5.32 132.12 232.546 149.462
5.33 63.261 202.868 149.294
5.34 -36.9818 167.153 148.458
5.35 -111.365 121.127 140.675
5.36 -176.495 72.1988 129.422
5.37 -209.535 16.9143 113.017
5.38 -200.264 -36.5046 89.7181
5.39 -184.337 -69.0518 62.8753
5.4 -174.728 -95.3363 38.4927
5.41 -187.928 -113.575 10.3998
5.42 -231.721 -129.291 -18.4141
5.43 -292.379 -154.06 -41.4125
5.44 -353.979 -189.168 -65.332
5.45 -396.475 -235.085 -91.8196
5.46 -428.674 -282.639 -117.401
5.47 -469.755 -324.676 -141.696
5.48 -501.414 -361.152 -166.861
5.49 -515.497 -390.939 -190.167
5.5 -521.002 -414.629 -208.966
5.51 -514.195 -434.963 -224.501
5.52 -494.135 -452.8 -237.108
5.53 -479.145 -467.602 -246.59
5.54 -485.578 -480.436 -255.111
5.55 -487.673 -493.95 -266.403
5.56 -473.031 -505.953 -280.244
5.57 -468.026 -513.058 -295.283
5.58 -454.62 -516.333 -314.049
5.59 -403.56 -513.124 -335.224
5.6 -328.721 -497.472 -354.463
5.61 -247.454 -466.657 -370.407
5.62 -175.503 -421.041 -380.004
5.63 -122.892 -366.322 -378.662
5.64 -70.7671 -312.104 -365.057
5.65 -3.96249 -262.978 -339.965
5.66 49.5827 -216.358 -304.806
5.67 91.9264 -171.495 -264.559
5.68 138.791 -125.228 -221.797
5.69 158.765 -72.8088 -175.137
5.7 131.881 -17.0298 -127.356
5.71 83.1179 31.8334 -82.1191
5.72 38.9821 58.4372 -38.6809
5.73 -42.8963 74.7148 0.991946
5.74 -124.627 68.2659 29.026
5.75 -202.839 37.4885 44.2225
5.76 -279.07 -18.6807 49.8094
5.77 -344.296 -77.4552 36.1053
5.78 -386.67 -142.69 6.39959
5.79 -414.442 -210.327 -38.4771
5.8 -422.695 -274.766 -88.9408
5.81 -404.174 -330.125 -144.514
5.82 -375.101 -375.19 -203.379
5.83 -314.564 -409.369 -262.636
5.84 -190.262 -426.297 -318.066
5.85 5.15951 -417.597 -364.3
5.86 190.773 -373.133 -393.936
5.87 347.113 -295.075 -405.186
5.88 502.458 -185.446 -394.312
5.89 633.988 -36.5178 -355.518
5.9 731.154 137.073 -286.349
5.91 811.203 276.749 -183.859
5.92 873.942 420.578 -65.661
5.93 920.175 555.273 85.2931
5.94 948.002 677.64 206.872
5.95 952.424 777.038 312.94
5.96 959.343 866.248 418.071
5.97 984.154 947.046 510.809
5.98 1017.55 1013.96 588.763
5.99 1051.35 1068.71 655.396
6 1079.31 1114.46 712.304
6.01 1095.07 1152.36 757.856
6.02 1093.9 1181.74 791.447
6.03 1080.71 1201.14 815.022
6.04 1052.29 1209.6 832.238
6.05 999.074 1205.51 845.557
6.06 920.913 1186.76 855.847
6.07 806.773 1152.49 864.873
6.08 661.405 1100.72 873.058
6.09 516.542 1030.27 879.216
6.1 392.367 943.625 881.465
6.11 298.553 845.354 875.504
6.12 227.144 742.183 857.376
6.13 152.182 640.1 825.591
6.14 65.3854 540.587 780.061
6.15 -8.17188 442.607 721.837
6.16 -46.4786 347.466 653.241
6.17 -101.498 259.76 578.07
6.18 -152.248 172.631 493.743
6.19 -185.778 84.7156 401.657
6.2 -209.623 -11.3612 304.579
6.21 -232.072 -88.3107 196.665
6.22 -265.097 -151.523 88.796
6.23 -303.214 -209.793 -20.9117
6.24 -322.961 -265.387 -100.931
6.25 -300.328 -305.986 -154.311
6.26 -230.94 -332.25 -195.229
6.27 -121.528 -338.742 -220.148
6.28 19.2725 -314.105 -225.224
6.29 105.769 -255.208 -208.622
6.3 156.223 -179.228 -178.128
6.31 174.933 -94.9493 -132.83
6.32 150.983 -10.37 -71.3719
6.33 93.8666 53.8836 7.18569
6.34 -29.6451 91.5084 80.8455
6.35 -173.542 98.9219 135.821
6.36 -327.024 73.3845 184.08
6.37 -469.061 13.4902 214.208
6.38 -584.451 -71.0807 213.803
6.39 -688.025 -152.388 185.758
6.4 -756.29 -247.455 141.479
6.41 -773.105 -350.161 74.7159
6.42 -761.188 -449.687 -19.3916
6.43 -749.694 -548.098 -112.341
6.44 -750.415 -635.302 -203.853
6.45 -764.085 -713.53 -300.573
6.46 -786.562 -785.923 -394.075
6.47 -827.171 -849.707 -478.109
6.48 -881.473 -905.766 -553.549
6.49 -933.942 -955.036 -619.513
6.5 -991.146 -996.691 -671.273
6.51 -1045.02 -1032.54 -707.743
6.52 -1076.25 -1063.88 -731.179
6.53 -1078.94 -1090.04 -745.304
6.54 -1068.12 -1109.43 -754.311
6.55 -1053.15 -1122.24 -761.937
6.56 -1026.3 -1129.85 -770.45
6.57 -1003.04 -1132.46 -780.283
6.58 -1001.58 -1132.12 -793.463
6.59 -1013.18 -1132.14 -812.232
6.6 -1016.89 -1134.39 -836.218
6.61 -1008.52 -1137.87 -863.382
6.62 -997.926 -1140.15 -892.045
6.63 -973.442 -1139.4 -921.272
6.64 -926.969 -1132.55 -948.136
6.65 -886.709 -1116.97 -968.455
6.66 -866.484 -1094.95 -980.259
6.67 -836.123 -1070.87 -982.481
6.68 -775.17 -1045.31 -973.552
6.69 -704.364 -1015.42 -954.2
6.7 -627.46 -979.435 -929.124
6.71 -516.847 -934.904 -902.355
6.72 -373.32 -876.425 -874.369
6.73 -225.779 -799.438 -845.06
6.74 -49.3609 -703.613 -815.018
6.75 203.419 -585.996 -780.184
6.76 392.153 -434.852 -728.251
6.77 562.466 -261.336 -663.395
6.78 718.286 -51.3419 -580.341
6.79 858.433 178.549 -471.198
6.8 979.348 353.442 -331.556
6.81 1062.31 532.226 -187.347
6.82 1134.19 698.83 -10.9583
6.83 1212.33 846.091 166.136
6.84 1295.93 982.334 302.105
6.85 1378.44 1108.02 434.012
6.86 1457.56 1234.61 563.914
6.87 1522.96 1353.4 677.656
6.88 1560.85 1456.31 777.987
6.89 1572.11 1542.37 870.535
6.9 1558.56 1611.81 955.505
6.91 1523.42 1663.95 1029.99
6.92 1476.15 1698.04 1093.04
6.93 1425.56 1714.47 1146.42
6.94 1372.95 1714.71 1192.07
6.95 1326.87 1700.62 1230.29
6.96 1293.13 1675.63 1261.76
6.97 1256.09 1643.77 1288.62
6.98 1220.74 1606.28 1311.88
6.99 1193.31 1564.58 1332.68
7 1146.65 1519.84 1351.15
7.01 1071.92 1469.3 1363.68
7.02 990.554 1409.94 1366.75
7.03 913.055 1342.12 1359
7.04 837.516 1268.86 1338.95
7.05 764.777 1194.56 1305.18
7.06 693.365 1123.05 1257.84
7.07 620.831 1054.82 1198.11
7.08 549.517 987.241 1127.86
7.09 473.232 916.987 1050.37
7.1 368.443 839.944 969.775
7.11 230.684 749.177 888.663
7.12 71.3595 638.673 808.57
7.13 -120.282 506.365 729.889
7.14 -248.13 347.977 645.415
7.15 -374.804 178.166 558.025
7.16 -499.069 -21.4241 463.323
7.17 -628.292 -183.364 346.583
7.18 -761.174 -324.214 226.585
7.19 -874.508 -467.688 96.1014
7.2 -969.726 -598.588 -63.0644
7.21 -1058.34 -728.255 -188.226
7.22 -1117.44 -846.923 -300.052
7.23 -1155.81 -961.97 -414.146
7.24 -1204.14 -1068.29 -515.343
7.25 -1262.52 -1157.4 -601.014
7.26 -1318.96 -1230.99 -675.857
7.27 -1379.65 -1294.21 -741.125
7.28 -1460.1 -1353.38 -795.81
7.29 -1546.42 -1415.5 -841.909
7.3 -1614.05 -1483.93 -883.712
7.31 -1656.73 -1556.72 -926.477
7.32 -1667.52 -1628.54 -975.374
7.33 -1647.46 -1691.49 -1031.87
7.34 -1613.87 -1739.08 -1094.52
7.35 -1573.06 -1769.39 -1161.94
7.36 -1518.62 -1783.05 -1231.85
7.37 -1440.99 -1780.99 -1300.87
7.38 -1343.49 -1763.05 -1364.77
7.39 -1233.55 -1729.48 -1419.77
7.4 -1102.47 -1681.49 -1463.54
7.41 -960.286 -1618.81 -1493.82
7.42 -834.02 -1541.64 -1509.53
7.43 -724.756 -1452.22 -1510.3
7.44 -620.254 -1352.49 -1493.65
7.45 -534.545 -1243.79 -1455.92
7.46 -474.47 -1129.84 -1396.65
7.47 -400.792 -1014.88 -1318.84
7.48 -315.674 -897.182 -1224.46
7.49 -272.532 -775.523 -1116.95
7.5 -262.754 -656.318 -1002.98
7.51 -254.762 -545.417 -885.302
7.52 -233.614 -446.836 -765.455
7.53 -206.93 -360.27 -646.579
7.54 -195.535 -282.94 -531.41
7.55 -164.226 -215.946 -423.396
7.56 -80.4664 -154.411 -323.149
7.57 47.0169 -87.5905 -230.78
7.58 113.218 4.56201 -144.608
7.59 175.804 87.3828 -64.7494
7.6 267.632 161.798 9.42835
7.61 367.012 240.304 67.1562
7.62 454.624 310.012 111.634
7.63 538.772 373.634 146.93
7.64 618.053 437.416 176.268
7.65 687.243 499.344 201.908
7.66 748.978 558.044 224.793
7.67 793.352 614.145 247.662
7.68 825.441 665.945 271.826
7.69 869.726 712.138 298.729
7.7 927.289 755.552 331.62
7.71 972.742 800.091 371.279
7.72 996.864 846.359 415.011
7.73 1004.52 892.544 461.315
7.74 989.89 935.387 510.295
7.75 963.207 970.142 560.085
7.76 946.114 995.323 608.823
7.77 929.038 1014 656.093
7.78 913.573 1027.85 699.011
7.79 910.998 1038.8 735.83
7.8 900.061 1049.03 767.884
7.81 875.764 1056.27 794.769
7.82 857.465 1057.69 816.47
7.83 843.86 1052.96 834.68
7.84 814.592 1041.87 849.56
7.85 762.786 1022.8 859.718
7.86 698.625 993.891 864.393
7.87 637.692 954.414 863
7.88 595.828 906.267 854.27
7.89 568.666 854.933 837.877
7.9 552.162 805.351 813.887
7.91 570.671 760.965 782.731
7.92 615.078 728.061 748.049
7.93 660.995 710.129 712.609
7.94 718.1 706.531 677.902
7.95 784.449 716.781 648.319
7.96 855.006 737.882 626.41
7.97 923.121 767.669 612.373
7.98 969.741 805.145 606.282
7.99 997.786 847.187 607.03
8 1010.67 891.31 615.105
8.01 991.201 934.606 631.896
8.02 938.621 971.395 656.416
8.03 869.825 996.471 687.18
8.04 788.506 1007.12 722.811
8.05 695.101 1001.64 759.799
8.06 595.119 979.676 794.104
8.07 503.233 941.841 822.241
8.08 439.255 890.505 841.026
8.09 386.205 831.386 848.912
8.1 312.602 768.103 844.21
8.11 211.524 699.589 825.709
8.12 82.9601 622.298 794.427
8.13 -98.1518 531.764 751.817
8.14 -234.331 417.579 692.367
8.15 -366.326 288.263 621.006
8.16 -486.644 138.093 534.878
8.17 -598.107 -46.1971 435.061
8.18 -728.307 -194.058 311.653
8.19 -863.56 -338.089 186.392
8.2 -982.153 -486.628 48.0004
8.21 -1081.3 -626.551 -101.989
8.22 -1177.57 -766.022 -210.211
8.23 -1257.19 -897.02 -311.048
8.24 -1306.52 -1028.93 -417.158
8.25 -1339.7 -1151.83 -514.418
8.26 -1365.75 -1255.06 -603.954
8.27 -1374.74 -1338.43 -690.855
8.28 -1366.29 -1403.08 -772.764
8.29 -1355.51 -1450.65 -845.052
8.3 -1347.89 -1483.99 -907.074
8.31 -1328.1 -1505.82 -960.828
8.32 -1288.14 -1516.43 -1007.71
8.33 -1233.66 -1514.86 -1048.8
8.34 -1173.55 -1500.27 -1085.19
8.35 -1118.42 -1472.99 -1117.45
8.36 -1056.94 -1435.58 -1146.56
8.37 -967.108 -1389.21 -1171.99
8.38 -851.29 -1331.6 -1190.67
8.39 -737.488 -1260.02 -1198.74
8.4 -638.868 -1175.82 -1193.57
8.41 -549.875 -1083.6 -1173.67
8.42 -479.923 -988.343 -1138.69
8.43 -429.022 -895.572 -1090.95
8.44 -382.346 -808.393 -1032.38
8.45 -335.533 -726.725 -962.944
8.46 -288.743 -649.474 -883.5
8.47 -233.418 -574.172 -796.944
8.48 -180.715 -495.732 -706.051
8.49 -138.975 -412.025 -614.345
8.5 -82.1934 -324.756 -525.188
8.51 13.2683 -234.327 -438.936
8.52 124.576 -137.655 -354.4
8.53 250.304 -30.6309 -274.284
8.54 387.441 88 -196.945
8.55 530.953 187.371 -115.422
8.56 653.881 297.375 -39.472
8.57 752.633 409.234 46.4319
8.58 842.424 518.583 118.274
8.59 909.191 619.745 187.171
8.6 960.784 715.376 259.715
8.61 1009.35 804.199 327.537
8.62 1033.38 882.668 389.719
8.63 1036.61 948.257 447.004
8.64 1036.52 1000.43 500.738
8.65 1022.01 1040.29 552.388
8.66 981.914 1067.43 601.016
8.67 937.093 1080.75 645.25
8.68 912.197 1081.73 685.337
8.69 888.918 1074.47 721.812
8.7 838.086 1060.67 753.027
8.71 774.833 1038.22 776.752
8.72 721.668 1006.5 793.516
8.73 672.737 967.371 803.942
8.74 622.964 922.995 806.604
8.75 567.951 875.687 801.665
8.76 498.165 825.294 790.684
8.77 435.374 768.493 772.98
8.78 408.698 706.305 747.673
8.79 391.51 646.225 715.83
8.8 342.209 592.316 677.779
8.81 263.497 540.853 634.127
8.82 193.939 485.212 586.885
8.83 139.068 423.863 538.22
8.84 53.3233 358.789 488.396
8.85 -87.2795 287.099 435.734
8.86 -174.559 198.49 376.602
8.87 -247.504 101.276 318.618
8.88 -334.25 -15.3856 259.359
8.89 -436.558 -114.323 186.27
8.9 -521.957 -205.679 112.592
8.91 -579.823 -297.304 38.7804
8.92 -627.569 -379.982 -41.26
8.93 -665.366 -458.139 -104.083
8.94 -690.226 -524.819 -162.057
8.95 -705.402 -585.328 -221.715
8.96 -695.923 -638.464 -277.156
8.97 -650.091 -676.704 -326.221
8.98 -582.45 -695.493 -369.085
8.99 -518.975 -693.504 -404.629
9 -477.036 -673.54 -429.605
9.01 -449.28 -642.55 -442.076
9.02 -400.87 -607.26 -443.252
9.03 -305.274 -567.466 -435.234
9.04 -182.097 -516.329 -419.071
9.05 -21.5279 -449.749 -397.915
9.06 201.51 -361.895 -372.112
9.07 385.105 -239.98 -335.048
9.08 542.102 -84.7379 -291.211
9.09 663.265 114.168 -234.382
9.1 753.92 265.659 -142.51
9.11 807.604 413.431 -43.1064
9.12 823.937 546.059 82.3173
9.13 808.065 651.259 188.95
9.14 760.158 721.671 283.391
9.15 702.256 769.833 374.802
9.16 646.699 800.61 452.708
9.17 572.8 811.34 514.699
9.18 480.468 801.087 562.184
9.19 403.744 770.319 595.331
9.2 355.575 723.784 613.134
9.21 322.15 668.122 613.51
9.22 306.671 608.618 594.798
9.23 309.367 549.97 559.321
9.24 313.126 494.205 510.872
9.25 313.24 440.614 452.132
9.26 317.728 390.222 387.69
9.27 321.392 346.657 325.22
9.28 323.437 311.735 271.125
9.29 334.924 285.875 228.913
9.3 358.306 269.975 199.737
9.31 388.703 264.628 181.718
9.32 428.295 270.238 171.957
9.33 470.558 288.372 170.72
9.34 494.3 318.851 180.212
9.35 503.389 356.755 199.872
9.36 500.112 397.748 229.011
9.37 475.426 436.888 265.398
9.38 438.765 467.987 303.445
9.39 384.28 487.928 339.817
9.4 309.521 493.062 371.207
9.41 234.072 480.895 393.897
9.42 148.658 453.84 407.677
9.43 27.0227 413.48 412.455
9.44 -120.183 357.534 406.844
9.45 -242.156 283.27 390.726
9.46 -383.888 194.315 368.513
9.47 -530.97 79.3724 334.874
9.48 -673.048 -75.0271 286.789
9.49 -811.882 -210.127 210.73
9.5 -934.978 -359.239 123.572
9.51 -1036.31 -515.569 4.17634
9.52 -1110.71 -667.122 -127.064
9.53 -1171.84 -808.682 -237.239
9.54 -1230.87 -934.729 -347.702
9.55 -1276.23 -1052.44 -458.879
9.56 -1294.27 -1155.94 -558.47
9.57 -1297.54 -1239.51 -645.97
9.58 -1296.98 -1304.88 -726.104
9.59 -1284.65 -1355.18 -799.582
9.6 -1264.64 -1392.11 -863.538
9.61 -1253.38 -1417.71 -917.476
9.62 -1244.76 -1434.9 -963.791
9.63 -1219.46 -1444.48 -1003.74
9.64 -1182.29 -1444.5 -1036.94
9.65 -1149.19 -1433.76 -1064.34
9.66 -1117.95 -1413.14 -1088.05
9.67 -1080.09 -1384.28 -1108.92
9.68 -1030.97 -1348.9 -1126.76
9.69 -963.159 -1307.87 -1140.6
9.7 -878.105 -1259.85 -1147.88
9.71 -785.126 -1203.29 -1146.04
9.72 -692.376 -1137.97 -1133.89
9.73 -596.094 -1065.15 -1111.61
9.74 -488.641 -985.743 -1079.67
9.75 -370.962 -899.419 -1038.06
9.76 -236.396 -805.675 -986.983
9.77 -91.7982 -702.286 -925.452
9.78 83.4657 -588.749 -854.239
9.79 222.325 -458.256 -770.286
9.8 351.939 -315.157 -677.793
9.81 436.663 -152.687 -573.786
9.82 480.729 37.7877 -459.858
9.83 537.761 180.122 -325.87
9.84 606.711 304.096 -192.987
9.85 677.288 422.377 -53.8517
9.86 753.843 524.776 91.1102
9.87 844.241 624.416 190.792
9.88 924.496 715.707 279.781
9.89 969.569 809.708 370.773
9.9 988.557 896.185 448.79
9.91 1000.11 963.163 513.904
9.92 1009.74 1010.85 571.724
9.93 1024.21 1042.73 621.051
9.94 1043.66 1064.56 658.115
9.95 1054.58 1082.33 682.659
9.96 1061.52 1098.81 696.893
9.97 1079.96 1115.35 705.386
9.98 1097.72 1133.39 714.28
9.99 1111.65 1151.47 727.283
10 1127.84 1168.21 747.574
10.01 1132.95 1183.15 777.61
10.02 1135.13 1194.28 814.658
10.03 1147.11 1202.35 854.659
10.04 1154.89 1210.2 894.497
10.05 1142.43 1218.72 931.074
10.06 1109.88 1226.62 962.962
10.07 1071.16 1231.91 990.186
10.08 1027.52 1234.11 1013.12
10.09 976.565 1232.48 1030.91
10.1 917.549 1225.32 1042.84
10.11 842.536 1209.33 1049.18
10.12 764.138 1179.37 1048.93
10.13 701.793 1133.88 1041.26
10.14 663.998 1076.43 1025.91
10.15 647.439 1013.92 1003.34
10.16 642.534 953.195 975.313
10.17 643.291 898.311 943.879
10.18 638.878 851.017 910.557
10.19 631.616 810.449 874.748
10.2 632.955 775.82 835.593
10.21 634.092 747.295 793.99
10.22 622.217 722.948 750.874
10.23 603.655 699.559 706.915
10.24 567.13 676.271 664.489
10.25 486.93 651.147 625.471
10.26 378.208 618.543 589.725
10.27 252.625 574.773 559.397
10.28 100.254 516.253 535.237
10.29 -48.6288 438.511 511.781
10.3 -86.9414 342.785 480.791
10.31 -120.77 252.128 446.54
10.32 -177.853 167.118 402.237
10.33 -217.203 87.0109 346.558
10.34 -236.516 8.81608 288.182
10.35 -268.345 -61.7612 228.126
10.36 -310.86 -119.049 164.289
10.37 -342.969 -177.315 102.094
10.38 -382.493 -230.955 40.2211
10.39 -424.8 -281.27 -25.3311
10.4 -451.909 -332.882 -80.0223
10.41 -479.868 -374.456 -129.824
10.42 -514.314 -408.73 -177.962
10.43 -552.999 -437.389 -216.286
10.44 -590.759 -462.219 -240.541
10.45 -621.692 -488.058 -253.342
10.46 -653.126 -516.922 -258.44
10.47 -679.988 -549.43 -259.799
10.48 -703.602 -584.237 -260.374
10.49 -726.417 -620.589 -264.105
10.5 -754.986 -656.815 -274.847
10.51 -797.836 -691.328 -294.61
10.52 -842.972 -724.546 -324.059
10.53 -892.825 -756.826 -360.371
10.54 -947.956 -791.33 -401.454
10.55 -981.051 -831.455 -447.212
10.56 -990.967 -875.119 -495.64
10.57 -999.222 -918.972 -545.824
10.58 -1007.53 -961.461 -597.838
10.59 -1020.25 -1001.29 -648.455
10.6 -1047.08 -1039.49 -694.419
10.61 -1079.2 -1078.94 -735.265
10.62 -1095.74 -1120.38 -771.677
10.63 -1079.41 -1160.77 -805.15
10.64 -1024.5 -1193.6 -837.779
10.65 -943.346 -1210.72 -870.672
10.66 -859.143 -1206.25 -903.26
10.67 -776.323 -1179.6 -933.928
10.68 -688.275 -1133.32 -959.212
10.69 -603.262 -1071.12 -974.618
10.7 -524.909 -998.373 -977.369
10.71 -442.826 -920.088 -966.086
10.72 -355.754 -838.789 -940.313
10.73 -274.423 -755.281 -901.816
10.74 -210.431 -669.759 -853.57
10.75 -157.656 -583.459 -798.089
10.76 -95.1607 -497.655 -736.294
10.77 -17.5799 -411.332 -667.488
10.78 75.7074 -322.694 -591.807
10.79 159.901 -227.633 -508.803
10.8 252.184 -126.133 -420.82
10.81 349.574 -7.46315 -328.651
10.82 451.348 110.935 -229.16
10.83 547.594 213.423 -125.983
10.84 620.541 321.074 -24.427
10.85 672.347 423.253 78.6885
10.86 708.65 515.01 155.607
10.87 724.743 589.745 223.945
10.88 726.84 654.11 289.399
10.89 736.537 705.425 342.53
10.9 752.401 741.901 384.085
10.91 760.77 767.336 417.52
10.92 763.265 784.683 443.141
10.93 749.859 796.524 462.239
10.94 721.622 802.164 476.632
10.95 692.858 800.205 488.731
10.96 669.355 790.327 500.674
10.97 648.691 772.995 511.977
10.98 626.243 749.718 520.775
10.99 605.296 722.679 525.596
11 572.168 695.333 527.208
11.01 518.361 668.109 526.054
11.02 451.731 638.909 522.529
11.03 371.571 605.093 518.018
11.04 305.54 562.549 510.981
11.05 271.064 513.29 500.475
11.06 237.453 463.857 486.799
11.07 189.2 416.693 467.78
11.08 129.808 371.498 442.87
11.09 63.7517 325.599 413.076
11.1 -9.51135 275.818 378.416
11.11 -55.4446 218.949 337.056
11.12 -74.416 159.622 291.512
11.13 -41.477 100.728 242.061
11.14 71.5033 53.2319 189.214
11.15 154.692 39.4493 141.85
11.16 230.179 49.3177 99.0106
11.17 316.245 82.3095 65.9803
11.18 395.965 132.959 53.8081
11.19 444.189 194.069 62.6061
11.2 445.125 256.679 88.3041
11.21 416.88 310.374 127.123
11.22 365.773 350.187 175.014
11.23 295.439 373.169 224.276
11.24 226.353 379.437 267.501
11.25 151.343 373.542 303.797
11.26 89.3562 356.12 331.441
11.27 73.8469 330.333 349.189
11.28 86.0739 305.025 358.829
11.29 110.899 285.149 359.099
11.3 125.731 273.175 350.793
11.31 108.112 264.155 336.278
11.32 53.2016 248.081 315.705
11.33 -72.8391 217.226 289.67
11.34 -216.546 157.958 253.077
11.35 -392.471 68.09 208.851
11.36 -581.54 -70.4196 156.29
11.37 -767.068 -200.784 80.5253
11.38 -936.309 -347.185 -0.916448
11.39 -1083.86 -505.411 -86.6628
11.4 -1194.13 -658.112 -169.889
11.41 -1263.63 -800.585 -254.271
11.42 -1302.8 -934.166 -340.169
11.43 -1302.57 -1056.39 -424.647
11.44 -1260.89 -1160.45 -507.252
11.45 -1209.38 -1240.37 -588.497
11.46 -1162.66 -1295.17 -669.861
11.47 -1105.21 -1326.97 -750.446
11.48 -1045.22 -1337.72 -826.354
11.49 -1002.25 -1331.15 -895.158
11.5 -960.185 -1312.01 -955.577
11.51 -900.809 -1281.74 -1003.9
11.52 -833.477 -1239.7 -1036.69
11.53 -765.068 -1186.41 -1053.5
11.54 -695.358 -1123.12 -1054.39
11.55 -627.525 -1052.17 -1039.43
11.56 -562.657 -976.976 -1010.12
11.57 -484.736 -900.248 -969.539
11.58 -386.227 -820.799 -920.236
11.59 -272.644 -735.715 -864.697
11.6 -138.408 -642.778 -805.489
11.61 22.8487 -539.519 -742.991
11.62 146.632 -421.969 -673.572
11.63 267.454 -297.131 -599.787
11.64 383.789 -160.526 -517.741
11.65 483.399 -0.434912 -425.643
11.66 575.113 148.096 -316.619
11.67 644.431 274.133 -196.131
11.68 697.676 399.289 -69.3566
11.69 759.869 511.32 74.3932
11.7 829.061 617.201 181.064
11.71 894.933 707.945 271.221
11.72 958.467 795.971 359.425
11.73 1027.69 879.414 433.84
11.74 1104.23 951.872 493.189
11.75 1163.89 1017.1 544.553
11.76 1184.74 1077.24 591.746
11.77 1170.33 1129.45 634.864
11.78 1132.14 1169.41 675.041
11.79 1070.98 1194.26 713.477
11.8 984.892 1202.23 749.399
11.81 878.972 1191.87 781.252
11.82 760.535 1161.73 808.365
11.83 643.023 1110.88 830.226
11.84 544.303 1041.38 845.949
11.85 465.174 959.557 854.616
11.86 409.027 872.183 853.97
11.87 387.908 785.47 842.161
11.88 394.784 705.663 819.475
11.89 409.286 637.136 786.627
11.9 409.25 581.731 744.915
11.91 391.57 537.111 695.993
11.92 370.145 498.844 641.718
11.93 348.925 463.83 584.147
11.94 313.667 430.304 524.831
11.95 254.623 395.564 464.709
11.96 179.51 355.958 405.203
11.97 98.7657 309.005 348.608
11.98 -15.4984 254.972 298.248
11.99 -132.206 188.326 252.518
12 -225.535 108.952 212.832
12.01 -289.79 14.5237 180.271
12.02 -338.25 -80.7045 148.754
12.03 -386.828 -153.687 114.406
12.04 -418.514 -224.894 82.0973
12.05 -436.246 -285.276 41.6371
12.06 -461.585 -331.618 -8.31105
12.07 -496.345 -374.033 -56.5929
12.08 -521.789 -413.431 -105.351
12.09 -525.6 -450.038 -156.357
12.1 -510.623 -479.981 -204.356
12.11 -493.589 -497.29 -245.498
12.12 -474.414 -502.216 -279.312
12.13 -439.845 -497.633 -304.411
12.14 -406.211 -484.712 -317.453
12.15 -378.578 -466.874 -319.058
12.16 -341.973 -446.675 -311.343
12.17 -297.082 -423.948 -295.118
12.18 -258.517 -398.585 -272.944
12.19 -231.983 -371.548 -249.215
12.2 -209.44 -343.682 -227.49
12.21 -173.305 -314.625 -210.123
12.22 -116.863 -281.073 -197.607
12.23 -77.9609 -238.099 -186.896
12.24 -44.329 -189.149 -177.471
12.25 30.8352 -136.66 -166.939
12.26 78.2572 -74.3897 -146.755
12.27 121.388 -11.8239 -122.286
12.28 168.68 46.8245 -92.5744
12.29 202.609 88.902 -53.3383
12.3 215.037 124.007 -13.4344
12.31 196.47 147.761 28.4768
12.32 164.959 158.056 59.6128
12.33 149.928 155.47 82.6549
12.34 133.937 150.158 102.091
12.35 109.087 143.075 112.874
12.36 110.488 131.778 111.97
12.37 151.778 123.227 103.415
12.38 220.422 124.943 89.8429
12.39 287.134 141.47 72.4615
12.4 333.338 170.543 55.7881
12.41 369.01 204.973 45.2866
12.42 400.678 239.019 44.3656
12.43 425.864 269.317 51.8137
12.44 445.034 295.262 64.8692
12.45 452.013 318.525 83.8266
12.46 439.053 339.619 108.721
12.47 412.373 357.118 136.988
12.48 381.074 370.617 166.578
12.49 345.113 380.734 196.681
12.5 317.422 386.584 225.777
12.51 310.569 388.584 253.425
12.52 308.939 389.198 279.672
12.53 307.822 388.907 300.951
12.54 305.488 388.734 314.447
12.55 290.275 388.317 319.83
12.56 274.951 383.64 316.383
12.57 254.833 373.32 306.534
12.58 207.199 355.638 292.946
12.59 155.572 326.557 274.361
12.6 129.719 287.965 251.585
12.61 122.357 246.741 227.299
12.62 102.544 209.086 203.029
12.63 55.8861 175.518 180.069
12.64 19.8959 141.458 158.895
12.65 -8.73349 108.722 142.107
12.66 -61.1823 77.5576 128.78
12.67 -123.972 42.7373 114.25
12.68 -188.44 -0.391186 99.5876
12.69 -234.697 -48.6544 81.7035
12.7 -251.78 -95.6866 57.7053
12.71 -253.488 -139.394 27.0512
12.72 -238.666 -172.375 -15.2315
12.73 -203.966 -193.071 -52.9492
12.74 -169.024 -196.826 -81.9421
12.75 -138.006 -189.75 -104.929
12.76 -116.185 -175.718 -117.648
12.77 -130.207 -156.41 -116.424
12.78 -147.231 -142.577 -106.797
12.79 -140.081 -136.64 -92.5001
12.8 -133.226 -133.382 -73.7759
12.81 -127.765 -130.444 -56.2503
12.82 -105.307 -124.301 -43.3028
12.83 -68.2796 -110.34 -31.7243
12.84 -37.3112 -86.3896 -18.9855
12.85 -2.9944 -55.3584 -6.02577
12.86 56.3702 -18.2959 8.85532
12.87 110.551 28.5626 27.7101
12.88 164.986 65.6754 49.1534
12.89 226.562 103.616 64.7451
12.9 283.364 141.948 81.179
12.91 334.923 178.854 96.5446
12.92 390.259 217.418 108.729
12.93 434.015 260.238 123.428
12.94 468.982 304.9 141.416
12.95 506.97 348.526 161.655
12.96 544.802 390.421 185.03
12.97 581.326 430.453 210.966
12.98 614.14 469.447 238.993
12.99 654.104 507.689 268.512
13 700.401 547.482 299.806
13.01 727.102 590.762 333.303
13.02 722.269 635.006 367.712
13.03 685.857 675.199 402.829
13.04 626.849 704.65 438.059
13.05 565.143 717.922 470.668
13.06 506.731 714.313 498.082
13.07 447.416 695.774 518.019
13.08 375.914 665.019 529.585
13.09 285.965 623.039 533.09
13.1 185.499 569.423 529.103
13.11 66.3383 504.93 519.04
13.12 -79.8547 428.623 502.5
13.13 -160.322 335.878 474.123
13.14 -225.186 238.968 438.368
13.15 -284.427 136.677 390.333
13.16 -349.781 29.4656 327.956
13.17 -424.594 -81.3124 252.137
13.18 -497.426 -169.915 160.859
13.19 -569.838 -263.357 68.4968
13.2 -638.089 -356.026 -38.1146
13.21 -684.641 -447.971 -122.8
13.22 -714.766 -527.753 -192.098
13.23 -744.038 -599.776 -260.373
13.24 -769.959 -663.676 -321.826
13.25 -795.714 -713.402 -371.775
13.26 -817.357 -752.118 -412.711
13.27 -820.977 -784.458 -446.913
13.28 -811.342 -810.791 -472.851
13.29 -801.814 -830.561 -490.888
13.3 -787.116 -844.394 -504.439
13.31 -757.057 -851.821 -516.048
13.32 -723.187 -850.803 -526.605
13.33 -696.498 -840.809 -537.702
13.34 -670.649 -822.944 -550.5
13.35 -631.534 -798.685 -564.535
13.36 -578.971 -768.432 -578.12
13.37 -523.142 -732.317 -589.34
13.38 -462.697 -691.305 -596.364
13.39 -402.54 -645.996 -596.567
13.4 -347.544 -598.33 -589.13
13.41 -290.627 -550.345 -575.18
13.42 -234.449 -501.8 -554.928
13.43 -196.552 -452.471 -527.855
13.44 -189.782 -404.791 -493.857
13.45 -186.896 -363.707 -454.517
13.46 -160.529 -329.099 -411.305
13.47 -134.28 -295.246 -365.543
13.48 -129.003 -259.832 -321.159
13.49 -111.547 -224.669 -281.901
13.5 -63.2881 -187.875 -246.492
13.51 -3.27569 -146.531 -213.848
13.52 39.3807 -99.5707 -184.856
13.53 61.0493 -50.6304 -158.929
13.54 77.193 -5.35928 -133.508
13.55 68.5499 28.23 -105.11
13.56 40.4937 41.2351 -78.7428
13.57 28.6657 40.8621 -61.5489
13.58 37.8188 31.5378 -49.2087
13.59 52.5741 19.7302 -42.9699
13.6 59.2223 12.4535 -44.6222
13.61 45.9411 10.8014 -49.7026
13.62 19.3947 9.75209 -56.0477
13.63 -11.6591 3.82856 -63.4606
13.64 -55.4749 -10.8429 -70.294
13.65 -127.805 -34.8326 -76.63
13.66 -211.51 -73.7549 -84.7326
13.67 -291.367 -124.95 -97.7644
13.68 -365.863 -183.435 -117.226
13.69 -432.186 -244.684 -144.438
13.7 -478.752 -304.576 -178.003
13.71 -496.84 -359.419 -213.74
13.72 -483.826 -405.797 -248.811
13.73 -446.264 -439.852 -281.998
13.74 -406.095 -458.552 -311.687
13.75 -380.993 -463.638 -336.405
13.76 -364.308 -461.383 -355.318
13.77 -340.998 -457.237 -367.846
13.78 -313.646 -452.125 -374.341
13.79 -282.682 -444.293 -377.066
13.8 -232.427 -430.058 -377.531
13.81 -154.959 -403.974 -374.388
13.82 -59.1157 -361.544 -365.732
13.83 53.3377 -301.603 -350.819
13.84 148.526 -223.425 -326.518
13.85 269.978 -134.399 -294.549
13.86 386.353 -25.9104 -250.801
13.87 471.207 92.0797 -192.21
13.88 528.311 184.15 -117.863
13.89 552.102 275.645 -39.0053
13.9 541.172 355.56 55.4857
13.91 499.286 419.255 130.433
13.92 440.98 458.509 192.687
13.93 393.057 481.601 249.693
13.94 377.544 491.902 292.348
13.95 384.848 491.191 318.569
13.96 394.972 485.98 331.877
13.97 410.659 479.911 335.335
13.98 426.822 474.543 332.033
13.99 438.902 468.801 323.941
14 447.239 461.949 312.704
14.01 438.767 453.845 300.697
14.02 416.523 441.459 287.664
14.03 396.228 422.881 272.696
14.04 371.419 400.165 256.849
14.05 336.044 375.604 240.554
14.06 302.295 351.138 224.743
14.07 265.651 329.317 213.226
14.08 218.59 309.204 207.873
14.09 162.895 287.885 208.022
14.1 88.1327 262.961 213.308
14.11 -32.695 230.739 222.079
14.12 -125.741 181.417 225.603
14.13 -210.726 121.374 224.262
14.14 -308.831 48.2394 213.626
14.15 -403.82 -44.6688 187.053
14.16 -486.126 -123.8 138.584
14.17 -558.601 -207.723 82.5319
14.18 -625.742 -293.676 8.36327
14.19 -676.44 -377.374 -74.9544
14.2 -705.881 -459.062 -143.188
14.21 -710.076 -532.553 -209.251
14.22 -688.003 -599.116 -274.68
14.23 -642.033 -650.596 -331.435
14.24 -574.661 -679.88 -378.396
14.25 -492.731 -686.106 -416.674
14.26 -401.276 -670.692 -445.281
14.27 -312.611 -635.629 -461.686
14.28 -239.447 -585.085 -465.238
14.29 -161.714 -525.307 -458.055
14.3 -67.388 -458.245 -440.369
14.31 38.7416 -383.222 -412.04
14.32 108.117 -297.457 -372.001
14.33 170.884 -206.454 -324.062
14.34 223.743 -107.752 -266.777
14.35 268.562 3.38648 -201.727
14.36 330.048 100.787 -126.146
14.37 412.167 186.868 -45.7763
14.38 499.056 276.062 41.2881
14.39 588.349 364.228 112.02
14.4 671.883 441.384 172.689
14.41 728.395 516.032 230.605
14.42 756.222 585.929 281.083
14.43 764.803 643.751 324.178
14.44 757.432 687.191 364.046
14.45 747.52 716.166 400.73
14.46 741.144 734.416 431.887
14.47 732.454 747.39 456.127
14.48 718.61 758.883 473.567
14.49 694.048 769.639 486.279
14.5 661.55 776.34 496.026
14.51 635.095 774.887 503.878
14.52 619.838 764.131 511.336
14.53 600.353 745.739 519.832
14.54 574.311 720.923 528.845
14.55 551.517 691.64 537.471
14.56 520.048 661.094 545.127
14.57 475.71 629.966 548.966
14.58 426.086 598.293 547.054
14.59 376.526 566.013 539.714
14.6 330.626 532.749 527.375
14.61 277.614 498.841 510.688
14.62 195.669 462.941 490.18
14.63 53.2654 420.12 466.462
14.64 -157.284 359.613 438.603
14.65 -299.23 265.952 399.869
14.66 -413.108 149.141 356.142
14.67 -500.172 -2.13237 302.69
14.68 -564.479 -140.694 227.901
14.69 -602.358 -253.147 144.025
14.7 -620.625 -358.257 56.6138
14.71 -636.796 -443.183 -47.8556
14.72 -637.752 -513.464 -131.358
14.73 -611.359 -564.241 -202.685
14.74 -583.856 -604.833 -270.784
14.75 -572.977 -637.468 -328.341
14.76 -558.328 -657.911 -374.684
14.77 -542.474 -664.424 -411.457
14.78 -543.004 -659.072 -439.258
14.79 -541.393 -646.8 -456.902
14.8 -519.707 -629.921 -461.018
14.81 -476.224 -608.661 -451.846
14.82 -414.654 -580.787 -433.77
14.83 -343.845 -542.599 -410.36
14.84 -269.883 -492.919 -383.232
14.85 -197.989 -434.106 -353.045
14.86 -116.809 -371.014 -321.712
14.87 15.4418 -305.943 -292.277
14.88 137.893 -229.415 -260.965
14.89 237.766 -141.09 -229.503
14.9 322.735 -35.9257 -195.991
14.91 388.308 82.6033 -153.103
14.92 446.318 172.266 -95.637
14.93 473.186 261.065 -39.0249
14.94 473.769 335.996 30.7744
14.95 473.96 391.299 91.6556
14.96 465.641 426.577 147.831
14.97 442.78 449.855 205.426
14.98 406.246 464.973 256.598
14.99 363.422 468.49 297.088
15 331.4 459.84 326.106
15.01 322.078 442.132 342.714
15.02 335.491 420.991 344.9
15.03 347.448 403.046 332.975
15.04 343.886 389.675 309.204
15.05 340.021 377.605 277.329
15.06 336.203 364.646 243.381
15.07 324.193 348.915 211.668
15.08 301.177 329.79 185.052
15.09 262.189 307.64 166.905
15.1 232.702 281.388 156.788
15.11 221.221 254.899 153.368
15.12 212.543 232.877 154.173
15.13 221.517 216.485 154.726
15.14 246.024 208.906 155.979
15.15 259.941 210.81 160.332
15.16 245.183 218.648 167.161
15.17 212.03 226.733 175.236
15.18 172.602 231.216 184.602
15.19 109.37 229.65 194.879
15.2 16.6735 216.776 202.178
15.21 -77.4171 188.299 202.345
15.22 -134.474 145.071 193.334
15.23 -173.559 95.6037 175.801
15.24 -196.599 43.9699 148.094
15.25 -221.685 -6.68664 114.316
15.26 -270.94 -48.2799 78.3777
15.27 -335.885 -94.2884 45.5039
15.28 -396.996 -150.034 11.3212
15.29 -457.823 -212.02 -25.8312
15.3 -534.752 -280.91 -58.6609
15.31 -614.605 -354.665 -95.9536
15.32 -674.841 -432.793 -139.826
15.33 -724.003 -507.99 -186.011
15.34 -770.071 -574.595 -235.064
15.35 -806.984 -631.477 -286.235
15.36 -827.169 -679.551 -334.758
15.37 -822.515 -720.824 -377.386
15.38 -800.814 -755.552 -413.798
15.39 -763.836 -783.261 -446.406
15.4 -702.06 -801.941 -477.166
15.41 -634.133 -807.905 -504.861
15.42 -578.168 -800.777 -528.976
15.43 -515.016 -782.46 -549.908
15.44 -432.495 -751.941 -565.818
15.45 -351.321 -707.077 -574.906
15.46 -292.027 -648.989 -576.918
15.47 -238.457 -582.85 -571.51
15.48 -167.83 -512.949 -556.941
15.49 -103.008 -439.969 -531.567
15.5 -59.1409 -366.471 -497.316
15.51 -13.0733 -295.595 -455.816
15.52 15.9068 -226.698 -404.057
15.53 35.8445 -164.674 -344.079
15.54 70.9062 -109.575 -279.832
15.55 85.8732 -54.8851 -211.887
15.56 100.98 -3.31497 -146.618
15.57 129.35 41.1422 -86.0812
15.58 160.832 76.7024 -31.5113
15.59 200.42 110.655 12.2185
15.6 231.026 144.907 40.4877
15.61 245.148 173.3 59.9059
15.62 262.105 197.649 73.8725
15.63 278.607 218.962 84.3625
15.64 283.805 235.189 91.4124
15.65 286.876 245.646 93.8399
15.66 294.867 251.624 92.9656
15.67 308.35 254.379 89.3614
15.68 317.036 255.757 83.4829
15.69 316.813 256.443 76.8707
15.7 332.322 256.099 70.8934
15.71 358.916 258.262 69.531
15.72 373.593 264.764 74.4595
15.73 383.08 274.224 83.8045
15.74 388.96 286.987 98.8345
15.75 371.669 302.526 120.018
15.76 326.479 316.341 143.25
15.77 272.216 323.38 165.258
15.78 217.658 321.714 185.69
15.79 157.743 310.666 202.958
15.8 83.0298 290.035 214.58
15.81 -11.9291 259.369 219.155
15.82 -60.6718 215.749 212.728
15.83 -95.3675 169.281 199.388
15.84 -132.713 120.699 177.694
15.85 -130.804 69.9826 145.012
15.86 -95.7454 24.6274 107.856
15.87 -54.2562 -12.0703 69.6016
15.88 -5.03019 -31.2221 26.7383
15.89 35.6865 -38.1787 -12.465
15.9 55.3462 -37.3932 -37.7068
15.91 80.9084 -28.5041 -55.3978
15.92 85.72 -14.9973 -63.2637
15.93 74.019 -2.47175 -62.2544
15.94 93.9362 10.1818 -56.6788
15.95 126.487 30.4546 -41.9266
15.96 144.249 58.7569 -17.4395
15.97 160.017 91.5819 14.5804
15.98 176.127 129.11 49.3511
15.99 180.953 164.065 88.7714
16 180.588 192.654 128.648
16.01 185.2 213.336 164.504
16.02 189.111 226.424 194.888
16.03 194.487 232.997 216.492
16.04 219.851 235.469 225.983
16.05 265.409 239.807 223.618
16.06 313.485 250.985 211.953
16.07 348.92 269.944 195.257
16.08 363.303 293.657 179.659
16.09 352.425 316.228 170.177
16.1 321.581 330.896 167.943
16.11 274.589 333.179 172.047
16.12 210.614 320.786 180.815
16.13 147.494 292.712 190.744
16.14 90.2728 253.006 199.422
16.15 27.9688 207.622 204.227
16.16 -12.123 160.51 200.554
16.17 7.5335 119.275 187.871
16.18 29.8993 96.3889 172.656
16.19 37.7748 87.5188 155.062
16.2 47.7704 86.3785 135.6
16.21 76.5991 87.8989 117.412
16.22 109.071 91.3614 101.139
16.23 141.394 95.6605 84.4329
16.24 193.025 102.502 67.9602
16.25 250.04 117.866 58.031
16.26 295.831 143.1 56.456
16.27 332.629 177.278 61.3873
16.28 358.215 218.837 74.946
16.29 374.51 262.944 98.4448
16.3 379.841 304.064 130.777
16.31 363.958 337.334 169.88
16.32 331.152 358.744 211.269
16.33 282.879 367.662 250.755
16.34 211.786 364.526 284.916
16.35 121.377 348.661 310.478
16.36 16.8758 319.829 325.994
16.37 -70.0197 277.262 328.908
16.38 -105.467 225.208 317.001
16.39 -117.453 174.185 291.399
16.4 -106.554 128.187 251.287
16.41 -98.3015 91.9141 201.958
16.42 -106.249 59.8941 149.746
16.43 -117.879 23.733 97.6213
16.44 -136.29 -20.9357 48.8255
16.45 -165.373 -62.3241 0.211563
16.46 -198.229 -109.247 -36.4222
16.47 -235.472 -154.315 -63.0488
16.48 -275.147 -192.803 -86.7099
16.49 -311.48 -225.947 -107.242
16.5 -341.732 -251.497 -124.613
16.51 -361.779 -270.482 -139.242
16.52 -364.873 -284.792 -150.141
16.53 -344.541 -294.218 -155.466
16.54 -309.727 -296.5 -154.423
16.55 -271.63 -290.708 -149.049
16.56 -225.185 -277.764 -142.281
16.57 -176.099 -257.747 -134.278
16.58 -131.612 -232.105 -125.579
16.59 -93.0464 -202.384 -117.583
16.6 -60.1654 -169.58 -110.533
16.61 -11.0934 -135.278 -104.947
16.62 35.6872 -96.5041 -97.4947
16.63 46.1948 -54.6308 -85.5352
16.64 69.5873 -18.4883 -72.0246
16.65 121.43 16.7195 -54.0581
16.66 197.503 47.5481 -28.8912
16.67 271.171 87.2276 -1.93676
16.68 324.691 135.273 28.5563
16.69 368.071 186.32 60.0375
16.7 401.452 236.74 94.7532
16.71 406.254 283.8 131.72
16.72 371.84 321.409 165.97
16.73 321.602 342.519 194.542
16.74 265.927 345.862 217.685
16.75 174.553 332.926 234.565
16.76 42.8794 302.207 240.53
16.77 -97.4616 252.841 233.764
16.78 -183.351 185.195 214.749
16.79 -266.191 109.007 189.217
16.8 -327.559 17.4801 153.118
16.81 -359.153 -75.9658 104.211
16.82 -380.304 -147.211 44.8751
16.83 -392.788 -217.84 -20.0408
16.84 -408.325 -283.937 -81.8016
16.85 -439.571 -337.082 -138.221
16.86 -480.614 -387.6 -191.403
16.87 -516.571 -439.866 -240.278
16.88 -543.22 -489.206 -282.849
16.89 -559.203 -530.222 -320.015
16.9 -567.46 -558.907 -351.793
16.91 -573.814 -574.497 -376
16.92 -570.142 -580.162 -391.644
16.93 -542.553 -579.038 -399.309
16.94 -495.279 -571.284 -399.824
16.95 -444.147 -556.109 -394.355
16.96 -386.823 -534.239 -384.563
16.97 -315.303 -505.935 -371.449
16.98 -232.549 -470.361 -356.69
16.99 -147.339 -426.154 -342.918
17 -56.4884 -372.572 -331.398
17.01 69.6394 -309.311 -320.879
17.02 147.536 -229.493 -302.645
17.03 207.65 -143.48 -279.241
17.04 266.838 -49.685 -247.769
17.05 316.114 53.0875 -204.19
17.06 356.521 127.008 -144.712
17.07 369.895 196.722 -83.6657
17.08 359.078 254.26 -9.59456
17.09 343.109 293.199 66.6785
17.1 309.887 319.759 124.285
17.11 255.378 330.654 174.649
17.12 205.396 330.806 216.018
17.13 158.721 318.891 242.468
17.14 111.298 292.46 252.526
17.15 62.0919 255.616 246.627
17.16 6.58546 212.428 225.521
17.17 -31.9871 163.341 188.257
17.18 -66.6543 112.484 139.091
17.19 -123.335 59.2841 83.1588
17.2 -170.504 -6.95714 20.4874
17.21 -208.745 -68.8881 -47.553
17.22 -267.451 -130.858 -95.6069
17.23 -337.084 -192.472 -138.966
17.24 -397.545 -255.35 -181.256
17.25 -451.404 -316.091 -212.995
17.26 -489.74 -373.365 -237.932
17.27 -497.073 -425.942 -262.06
17.28 -476.326 -467.07 -284.428
17.29 -437.74 -490.371 -302.229
17.3 -383.025 -493.291 -314.709
17.31 -306.642 -476.024 -321.815
17.32 -213.604 -439.417 -322.953
17.33 -106.73 -385.894 -318.288
17.34 42.8368 -318.714 -308.732
17.35 161.274 -233.334 -288.49
17.36 272.954 -138.566 -261.641
17.37 371.177 -28.3184 -226.259
17.38 441.372 89.1048 -177.175
17.39 483.921 178.098 -112.031
17.4 502.389 264.606 -43.5603
17.41 523.689 339.167 42.457
17.42 552.456 403.704 116.538
17.43 573.205 456.91 182.295
17.44 590.055 507.134 246.38
17.45 606.677 555.519 302.355
17.46 620.239 595.922 347.817
17.47 633.445 626.821 384.091
17.48 638.764 649.719 413.076
17.49 628.669 664.734 434.191
17.5 608.081 670.937 446.493
17.51 582.769 668.497 450.904
17.52 552.751 658.444 448.772
17.53 519.947 641.767 440.973
17.54 492.648 619.576 429.059
17.55 474.936 593.999 415.971
17.56 459.261 567.848 404.851
17.57 438.395 542.96 397.475
17.58 416.47 519.521 394.219
17.59 397.437 497.023 394.8
17.6 380.347 474.538 397.62
17.61 371.449 451.482 399.669
17.62 378.145 429.883 398.543
17.63 388.382 414.141 393.592
17.64 391.37 406.43 384.373
17.65 397.652 406.039 371.284
17.66 405.758 412.239 357.497
17.67 406.358 422.146 345.524
17.68 400.506 431.671 336.183
17.69 382.284 438.025 331.022
17.7 353.418 437.939 330.094
17.71 312.277 430.04 332.749
17.72 248.168 413.713 338.139
17.73 172.321 386.94 343.627
17.74 88.0507 350.033 347.776
17.75 -41.6661 303.977 349.846
17.76 -146.389 241.412 341.781
17.77 -239.869 169.536 325.106
17.78 -326.851 86.5643 297.554
17.79 -394.555 -14.4753 256.459
17.8 -446.434 -101.417 197.519
17.81 -485.333 -181.394 132.417
17.82 -514.086 -259.586 59.4001
17.83 -536.938 -327.024 -27.357
17.84 -554.901 -389.897 -96.1655
17.85 -560.263 -442.304 -154.646
17.86 -558.308 -488.831 -211.836
17.87 -550.842 -528.975 -261.643
17.88 -528.632 -557.197 -302.161
17.89 -493.409 -572.055 -335.046
17.9 -451.198 -574.099 -360.695
17.91 -404.31 -563.64 -376.708
17.92 -357.691 -541.304 -380.556
17.93 -306.378 -509.382 -372.846
17.94 -257.778 -468.882 -354.942
17.95 -230.051 -421.509 -328.692
17.96 -209.507 -371.916 -297.965
17.97 -186.714 -322.502 -264.97
17.98 -173.803 -274.836 -231.768
17.99 -172.271 -231.902 -202.113
18 -166.879 -195.874 -177.812
18.01 -151.71 -166.082 -157.468
18.02 -139.483 -140.677 -139.544
18.03 -129.511 -119.972 -124.512
18.04 -100.833 -104.162 -112.547
18.05 -53.1148 -90.0518 -101.65
18.06 -16.1273 -74.8022 -90.4739
18.07 7.28025 -60.7558 -80.7917
18.08 23.35 -48.6895 -71.9202
18.09 10.0197 -38.5031 -61.0117
18.1 -33.924 -35.7761 -50.86
18.11 -47.5916 -44.8171 -47.7292
18.12 -41.5069 -54.9328 -48.0599
18.13 -54.7069 -62.7047 -50.4296
18.14 -77.2067 -70.6424 -59.9847
18.15 -82.8837 -78.7092 -73.9746
18.16 -71.6357 -84.577 -86.8102
18.17 -54.1026 -87.4518 -98.3744
18.18 -34.4494 -87.3458 -108.019
18.19 -3.56856 -84.5634 -112.479
18.2 35.6897 -78.2042 -109.708
18.21 73.4732 -67.6838 -101.965
18.22 108.769 -51.7062 -92.8711
18.23 125.644 -27.8347 -81.9339
18.24 140.925 0.422609 -69.6974
18.25 172.742 27.9053 -55.1826
18.26 205.298 57.0692 -37.9503
18.27 233.666 89.9432 -19.6577
18.28 259.507 125.137 1.87912
18.29 272.159 162.347 26.3015
18.3 264.133 196.534 52.8214
18.31 248.355 222.249 80.8798
18.32 247.004 238.213 107.608
18.33 263.282 246.891 130.412
18.34 288.808 252.785 147.358
18.35 319.642 260.261 157.969
18.36 347.876 272.152 163.927
18.37 364.393 287.987 166.688
18.38 370.045 304.819 166.897
18.39 370.693 319.786 166.207
18.4 379.56 330.947 166.314
18.41 402.14 339.548 168.686
18.42 414.478 349.197 174.927
18.43 400.131 360.05 184.341
18.44 371.627 369.246 195.67
18.45 335.411 374.607 209.615
18.46 282.721 373.77 225.719
18.47 206.26 363.482 241.712
18.48 121.405 339.991 254.869
18.49 44.4777 302.65 263.129
18.5 -61.0326 254.914 265.578
18.51 -152.982 192.925 255.369
18.52 -229.626 122.261 233.975
18.53 -285.398 42.364 202.59
18.54 -333.281 -45.55 161.289
18.55 -386.398 -112.171 106.079
18.56 -436.546 -179.862 49.4965
18.57 -472.641 -245.751 -19.3619
18.58 -493.62 -308.51 -80.4147
18.59 -510.977 -363.756 -133.27
18.6 -529.358 -415.66 -186.885
18.61 -544.227 -465.443 -236.829
18.62 -549.881 -507.721 -279.106
18.63 -559.646 -539.516 -313.709
18.64 -584.625 -562.144 -341.199
18.65 -614.297 -579.336 -360.388
18.66 -640.798 -594.646 -369.96
18.67 -659.411 -611.006 -372.64
18.68 -671.552 -628.303 -373.152
18.69 -686.516 -644.626 -374.83
18.7 -703.97 -659.602 -379.782
18.71 -717.066 -673.919 -388.84
18.72 -717.532 -688.134 -402.574
18.73 -705.779 -701.092 -421.182
18.74 -685.335 -711.055 -444.188
18.75 -649.511 -716.66 -470.294
18.76 -604.005 -715.757 -496.492
18.77 -560.864 -707.662 -520.611
18.78 -517.298 -693.5 -541.887
18.79 -465.184 -674.129 -558.862
18.8 -404.792 -649.569 -569.65
18.81 -345.976 -619.321 -572.781
18.82 -294.508 -583.376 -567.503
18.83 -249.287 -542.124 -553.529
18.84 -207.639 -496.24 -531.378
18.85 -166.295 -446.549 -502.598
18.86 -123.436 -393.644 -468.833
18.87 -71.6022 -338.318 -431.554
18.88 8.4773 -280.642 -392.065
18.89 88.5989 -216.201 -348.936
18.9 157.103 -145.259 -303.33
18.91 221.771 -67.4631 -255.64
18.92 280.479 23.4279 -204.203
18.93 328.428 96.2603 -142.248
18.94 363.466 163.236 -82.0979
18.95 393.81 224.884 -19.2076
18.96 431.162 276.056 44.9249
18.97 483.805 323.429 89.9336
18.98 542.012 367.731 128.393
18.99 599.077 416.946 164.563
19 643.97 469.509 194.708
19.01 670.732 519.426 220.798
19.02 686.91 564.002 246.378
19.03 693.466 602.011 273.102
19.04 687.834 632.03 299.73
19.05 677.957 653.127 324.666
19.06 677.205 666.407 347.483
19.07 684.5 675.314 368.196
19.08 693.754 683.286 386.211
19.09 708.38 692.839 401.971
19.1 729.001 705.944 418.295
19.11 741.639 723.028 438.179
19.12 738.723 741.445 461.964
19.13 735.451 757.326 487.984
19.14 737.439 769.384 515.029
19.15 728.299 777.786 541.528
19.16 705.212 781.67 564.837
19.17 683.789 780.906 583.78
19.18 665.274 777.536 599.015
19.19 638.864 773.256 610.417
19.2 606.067 767.782 617.367
19.21 572.421 759.77 620.896
19.22 534.074 746.959 622.395
19.23 490.7 726.437 621.472
19.24 448.38 696.903 617.104
19.25 409.736 659.438 608.839
19.26 370.745 616.38 596.567
19.27 323.513 570.014 580.474
19.28 274.315 521.242 560.366
19.29 233.046 471.523 536.304
19.3 184.391 423.216 508.919
19.31 111.238 375.316 477.58
19.32 14.3355 323.565 441.546
19.33 -82.733 262.637 400.339
19.34 -152.742 190.539 353.493
19.35 -230.335 111.566 302.847
19.36 -311.426 20.1857 247.087
19.37 -386.747 -76.9597 185.809
19.38 -461.789 -156.172 120.319
19.39 -534.473 -239.771 59.7369
19.4 -592.685 -320.602 -11.1979
19.41 -629.865 -396.441 -74.1148
19.42 -648.493 -463.883 -127.11
19.43 -650.66 -524.157 -182.186
19.44 -642.384 -576.694 -235.897
19.45 -635.513 -615.598 -283.028
19.46 -632.053 -640.758 -323.945
19.47 -621.563 -655.619 -358.771
19.48 -609.435 -662.039 -384.622
19.49 -602.388 -662.345 -400.905
19.5 -589.336 -658.944 -410.207
19.51 -569.599 -651.625 -414.434
19.52 -552.473 -639.919 -415.469
19.53 -538.925 -624.548 -415.27
19.54 -527.625 -606.755 -414.274
19.55 -516.726 -588.519 -412.69
19.56 -494.45 -571.545 -411.615
19.57 -455.425 -554.557 -411.178
19.58 -411.439 -534.551 -410.43
19.59 -369.408 -510.225 -408.921
19.6 -329.595 -481.768 -405.832
19.61 -294.039 -450.478 -400.245
19.62 -261.792 -418.443 -392.252
19.63 -229.371 -387.067 -381.875
19.64 -191.245 -356.7 -368.569
19.65 -142.728 -326.282 -351.743
19.66 -97.2921 -293.13 -330.699
19.67 -66.5539 -256.607 -306.231
19.68 -46.707 -218.152 -279.701
19.69 -46.1084 -179.433 -250.795
19.7 -60.1554 -145.51 -220.757
19.71 -78.2285 -120.111 -191.169
19.72 -97.4557 -104.499 -163.074
19.73 -107.527 -98.6207 -139.094
19.74 -108.839 -98.6091 -120.971
19.75 -111.485 -100.778 -108.999
19.76 -108.941 -103.98 -103.76
19.77 -93.9288 -106.247 -103.851
19.78 -75.7776 -105.712 -106.52
19.79 -69.546 -102.957 -110.517
19.8 -81.15 -101.164 -115.375
19.81 -95.4084 -104.572 -121.082
19.82 -108.353 -113.479 -127.195
19.83 -134.119 -126.719 -133.95
19.84 -172.232 -144.623 -142.894
19.85 -211.864 -166.589 -153.566
19.86 -243.034 -191.233 -164.538
19.87 -254.157 -216.129 -175.983
19.88 -243.376 -236.635 -187.481
19.89 -214.181 -248.76 -197.682
19.9 -165.532 -250.614 -205.497
19.91 -117.348 -240.964 -209.007
19.92 -87.3377 -222.659 -208.198
19.93 -59.0717 -201.004 -204.913
19.94 -30.4521 -177.437 -198.059
19.95 -9.35037 -153.496 -187.269
19.96 20.9496 -131.01 -174.777
19.97 56.5467 -106.459 -159.934
19.98 91.9668 -77.5739 -143.022
19.99 119.397 -41.9196 -124.871
20 135.066 2.27416 -104.839
20.01 146.744 42.4625 -79.205
20.02 170.511 75.8499 -50.5253
20.03 206.282 106.7 -18.5804
20.04 247.651 133.644 17.9374
20.05 294.267 161.143 46.2104
20.06 336.039 189.384 70.6501
20.07 375.268 221.226 93.446
20.08 413.676 256.357 111.773
20.09 443.012 292.257 126.296
20.1 462.787 327.344 138.791
20.11 473.734 360.124 151.152
20.12 477.382 388.621 164.035
20.13 474.681 411.852 177.611
20.14 458.728 429.815 192.742
20.15 426.926 441.265 209.53
20.16 382.615 444.244 227.506
20.17 333.574 437.221 245.67
20.18 291.156 420.545 262.208
20.19 252.299 397.33 275.828
20.2 221.999 369.887 284.422
20.21 206.528 340.903 286.854
20.22 193.214 313.131 283.475
20.23 182.37 286.56 273.243
20.24 175.71 262.129 256.763
20.25 164.346 240.761 236.65
20.26 149.591 221.254 214.673
20.27 136.2 202.793 192.773
20.28 122.682 185.172 172.694
20.29 99.1428 168.174 154.807
20.3 53.768 150.194 138.66
20.31 -16.4705 127.606 123.691
20.32 -80.5334 95.2493 108.19
20.33 -144.635 54.1854 93.5832
20.34 -186.54 -0.499059 77.4135
20.35 -203.317 -51.8178 55.8584
20.36 -216.261 -92.3793 34.5655
20.37 -226.168 -127.932 13.7091
20.38 -226.601 -153.7 -11.4077
20.39 -221.166 -170.671 -31.2388
20.4 -220.284 -179.404 -47.5921
20.41 -230.378 -185.349 -63.9095
20.42 -232.737 -192.716 -78.9045
20.43 -216.418 -199.038 -91.1332
20.44 -198.873 -201.149 -100.935
20.45 -185.062 -198.689 -110.227
20.46 -173.725 -191.301 -116.843
20.47 -168.522 -180.352 -117.188
20.48 -160.659 -169.249 -111.668
20.49 -141.011 -158.483 -101.633
20.5 -110.804 -145.79 -87.6201
20.51 -71.7173 -129.304 -70.9871
20.52 -32.8633 -107.875 -52.7218
20.53 -15.34 -82.2668 -33.1833
20.54 -21.8729 -57.2394 -14.7013
20.55 -24.251 -37.8787 -0.279642
20.56 -20.6873 -22.4434 10.1663
20.57 -31.6582 -10.0488 17.7995
20.58 -42.1838 -4.26231 21.2014
20.59 -38.1912 -2.92241 21.0005
20.6 -31.6309 -2.9167 19.4586
20.61 -37.6198 -4.38941 15.3755
20.62 -55.5985 -9.50172 8.12602
20.63 -71.795 -20.3646 0.299741
20.64 -73.5768 -36.7493 -6.11158
20.65 -58.4486 -54.9783 -12.4839
20.66 -41.1077 -69.4822 -20.1068
20.67 -35.1666 -77.6053 -28.5945
20.68 -39.2343 -80.4444 -37.5152
20.69 -49.1851 -80.8843 -46.0566
20.7 -59.9988 -81.6161 -54.1193
20.71 -75.4555 -82.8697 -61.2145
20.72 -106.145 -85.1207 -65.9817
20.73 -137.739 -91.5124 -68.7917
20.74 -161.066 -101.754 -69.2312
20.75 -187.732 -114.088 -67.13
20.76 -211.096 -128.901 -65.8317
20.77 -221.786 -144.71 -66.5847
20.78 -226.032 -159.699 -68.2235
20.79 -227.349 -173.782 -72.054
20.8 -221.63 -186.618 -79.5557
20.81 -211.765 -196.669 -89.7371
20.82 -203.262 -203.527 -101.656
20.83 -202.671 -208.153 -114.492
20.84 -221.003 -212.534 -126.675
20.85 -253.65 -220.247 -138.13
20.86 -280.858 -233.108 -149.662
20.87 -288.141 -248.878 -161.3
20.88 -280.117 -262.755 -172.311
20.89 -256.644 -271.504 -182.482
20.9 -204.953 -272.667 -191.155
20.91 -124.517 -262.628 -196.601
20.92 -20.7167 -238.59 -198.369
20.93 86.2151 -198.157 -194.998
20.94 162.09 -142.1 -183.395
20.95 237.885 -78.2707 -164.326
20.96 293.278 -2.29374 -134.843
20.97 318.939 67.9676 -93.2041
20.98 321.864 124.25 -46.61
20.99 310.377 176.044 3.13405
21 290.472 218.891 52.028
21.01 266.916 248.858 92.8076
21.02 253.93 269.176 128.275
21.03 252.688 286.035 159.397
21.04 258.799 299.154 183.694
21.05 275.071 306.935 200.784
21.06 297.571 310.63 212.661
21.07 318.712 311.274 219.538
21.08 331.458 309.584 220.174
21.09 329.955 306.062 214.585
21.1 323.195 300.131 203.356
21.11 320.827 292.487 187.907
21.12 318.102 285.194 170.363
21.13 311.584 279.545 152.491
21.14 302.812 276.218 137.021
21.15 292.049 275.145 127.343
21.16 278.262 275.349 125.275
21.17 267.919 275.27 130.402
21.18 262.154 274.545 142.079
21.19 244.421 273.041 159.473
21.2 212.409 267.969 179.14
21.21 174.923 257.424 197.703
21.22 126.211 241.797 213.092
21.23 64.2064 220.593 221.918
21.24 -19.0122 193.686 222.305
21.25 -91.6678 157.581 212.06
21.26 -166.18 114.679 193.454
21.27 -245.524 61.7831 166.295
21.28 -315.733 -7.88278 130.336
21.29 -371.37 -75.4677 83.5007
21.3 -417.298 -141.865 33.7747
21.31 -451.63 -210.779 -21.5024
21.32 -468.35 -277.706 -70.6604
21.33 -471.185 -333.808 -114.632
21.34 -472.899 -381.453 -157.806
21.35 -482.936 -422.189 -198.152
21.36 -498.424 -455.689 -233.819
21.37 -514.645 -483.591 -264.89
21.38 -527.179 -507.428 -292.027
21.39 -535.491 -526.836 -314.754
21.4 -545.855 -540.982 -332.111
21.41 -555.538 -550.729 -344.359
21.42 -556.558 -556.849 -351.969
21.43 -549.21 -558.925 -355.3
21.44 -529.359 -556.622 -356.082
21.45 -497.512 -548.98 -355.725
21.46 -458.994 -536.015 -355.296
21.47 -405.084 -519.055 -356.43
21.48 -342.025 -497.19 -358.681
21.49 -284.926 -469.855 -361.159
21.5 -227.876 -438.049 -363.514
21.51 -167.027 -401.471 -363.319
21.52 -104.928 -359.896 -358.383
21.53 -44.1026 -313.187 -347.855
21.54 22.6333 -261.533 -331.243
21.55 71.6675 -203.543 -306.174
21.56 122.914 -143.776 -274.271
21.57 181.911 -80.9254 -235.344
21.58 244.876 -11.2972 -189.871
21.59 309.561 61.1684 -138.187
21.6 375.251 123.992 -80.6817
21.61 439.274 191.538 -23.142
21.62 498.817 259.084 39.8778
21.63 553.97 325.884 90.0065
21.64 601.468 387.757 134.854
21.65 645.016 448.411 179.568
21.66 690.028 506.699 219.409
21.67 727.279 560.305 254.356
21.68 743.55 609.705 286.815
21.69 734.343 653.567 317.941
21.7 704.482 688.435 347.705
21.71 664.866 710.967 375.93
21.72 626.446 720.055 402.206
21.73 594.232 717.134 425.631
21.74 565.242 705.02 445.188
21.75 537.155 686.23 460.131
21.76 509.81 662.887 470.589
21.77 476.036 636.894 477.537
21.78 431.278 608.534 481.378
21.79 379.894 576.747 482.011
21.8 323.826 540.351 479.39
21.81 258.318 498.246 472.751
21.82 182.127 449.38 460.359
21.83 86.8169 393.748 441.265
21.84 -55.7853 330.669 415.51
21.85 -150.225 251.775 377.358
21.86 -228.487 167.391 332.615
21.87 -294.691 75.1328 279.909
21.88 -333.508 -28.8304 218.133
21.89 -351.617 -105.766 144.691
21.9 -348.264 -173.981 74.7228
21.91 -334.779 -232.278 -0.448557
21.92 -321.041 -276.228 -67.638
21.93 -302.287 -307.037 -115.384
21.94 -275.045 -326.752 -155.377
21.95 -252.052 -339.578 -186.999
21.96 -242.955 -342.006 -206.407
21.97 -248.219 -333.261 -215.169
21.98 -268.909 -317.858 -215.27
21.99 -303.58 -301.601 -207.26
22 -340.067 -289.66 -192.033
22.01 -367.681 -284.344 -171.691
22.02 -389.274 -285.04 -149.038
22.03 -402.999 -290.442 -127.568
22.04 -402.117 -298.06 -109.791
22.05 -390.058 -304.789 -97.1599
22.06 -368.425 -309.204 -92.3826
22.07 -333.021 -310.623 -97.396
22.08 -287.67 -307.904 -110.858
22.09 -242.443 -300.47 -130.21
22.1 -199.581 -288.96 -153.164
22.11 -155.907 -273.932 -176.755
22.12 -114.417 -255.44 -197.695
22.13 -82.4727 -234.303 -213.592
22.14 -59.4495 -212.508 -222.818
22.15 -40.8622 -191.371 -223.582
22.16 -30.891 -170.83 -214.52
22.17 -24.5112 -151.321 -196.694
22.18 -15.7683 -131.828 -171.676
22.19 -16.6105 -110.967 -140.455
22.2 -21.1763 -91.2388 -106.704
22.21 -31.051 -73.3508 -73.3691
22.22 -59.4623 -59.0432 -42.6536
22.23 -93.4161 -52.8085 -19.418
22.24 -125.831 -55.0092 -5.91016
22.25 -152.677 -65.4058 -2.72151
22.26 -164.112 -82.1958 -10.5824
22.27 -165.614 -100.944 -25.9666
22.28 -160.908 -118.234 -46.607
22.29 -144.724 -132.343 -71.1289
22.3 -125.295 -141.415 -95.6042
22.31 -105.917 -146.279 -117.746
22.32 -84.43 -148.555 -136.442
22.33 -70.8434 -149.087 -149.777
22.34 -65.0286 -149.998 -157.902
22.35 -55.6898 -151.78 -161.81
22.36 -47.9716 -151.893 -160.951
22.37 -43.4735 -149.108 -156.045
22.38 -19.9316 -142.541 -148.752
22.39 31.5572 -127.716 -138.06
22.4 68.9494 -99.2074 -121.458
22.41 102.359 -61.0604 -102.217
22.42 132.904 -12.3711 -79.2783
22.43 153.693 39.879 -49.2262
22.44 166.396 78.9172 -12.7892
22.45 177.923 113.382 20.6615
22.46 198.061 140.128 48.3
22.47 222.473 157.414 72.1921
22.48 244.945 173.034 90.0018
22.49 262.608 189.759 101.479
22.5 277.351 207.458 108.635
22.51 289.209 225.217 113.965
22.52 294.317 240.919 119.152
22.53 296.881 252.254 124.228
22.54 299.45 259.117 129.5
22.55 296.503 262.714 135.148
22.56 286.436 263.667 140.033
22.57 269.189 262.36 143.562
22.58 248.839 258.443 145.722
22.59 228.91 251.927 146.74
22.6 211.087 243.381 146.878
22.61 203.521 233.764 145.972
22.62 203.93 225.498 144.8
22.63 201.673 219.729 143.979
22.64 192.48 215.188 143.293
22.65 175.335 209.8 143.107
22.66 151.789 201.452 143.588
22.67 125.469 189.175 144.064
22.68 91.6562 173.748 144.098
22.69 51.1869 155.247 142.525
22.7 7.99898 133.845 138.131
22.71 -46.4359 109.837 130.456
22.72 -85.781 80.0899 116.591
22.73 -112.259 47.5809 97.5526
22.74 -134.735 12.3374 74.8522
22.75 -151.583 -25.0496 48.4208
22.76 -165.193 -55.0646 19.3287
22.77 -177.374 -84.781 -6.49339
22.78 -191.125 -112.155 -27.7753
22.79 -213.44 -133.87 -45.3615
22.8 -239.765 -154.65 -60.1373
22.81 -258.062 -176.264 -73.4236
22.82 -273.903 -196.883 -85.3637
22.83 -303.622 -215.718 -97.0642
22.84 -344.645 -234.752 -110.025
22.85 -381.189 -255.951 -123.154
22.86 -410.033 -279.53 -134.443
22.87 -432.673 -305.294 -144.459
22.88 -442.532 -331.998 -154.724
22.89 -435.966 -356.532 -165.288
22.9 -419.997 -375.703 -176.211
22.91 -400.615 -388.108 -188.673
22.92 -375.608 -393.755 -203.207
22.93 -345.254 -393.047 -218.655
22.94 -310.38 -387.202 -233.94
22.95 -269.105 -377.165 -248.297
22.96 -227.335 -362.434 -260.208
22.97 -180.059 -342.962 -269.103
22.98 -119.957 -317.378 -274.039
22.99 -67.1523 -283.269 -272.489
23 -31.9744 -242.594 -263.796
23.01 9.38598 -199.572 -248.282
23.02 41.6929 -153.951 -223.248
23.03 54.8503 -109.216 -190.139
23.04 61.8519 -68.6825 -152.596
23.05 79.3345 -33.0227 -112.397
23.06 100.905 1.71344 -71.1617
23.07 124.972 30.8925 -31.1359
23.08 154.039 58.1191 3.61048
23.09 179.612 88.7479 28.9298
23.1 198.783 116.794 48.3026
23.11 217.049 142.115 63.4389
23.12 234.024 165.184 75.1848
23.13 243.031 184.096 84.5071
23.14 249.36 197.335 90.9028
23.15 263.322 205.326 94.1807
23.16 276.715 210.801 94.9598
23.17 279.363 215.355 93.1012
23.18 277.983 219.062 89.1243
23.19 275.156 222.478 86.0499
23.2 270.234 225.099 85.5809
23.21 268.427 226.224 87.1833
23.22 267.884 226.74 91.2957
23.23 263.421 227.289 98.1839
23.24 255.139 227.652 106.841
23.25 241.771 227.746 116.487
23.26 223.019 227.201 126.208
23.27 209.476 225.401 134.562
23.28 206.315 223.487 141.454
23.29 209.512 223.021 147.233
23.3 216.923 224.713 151.523
23.31 225.214 228.86 154.422
23.32 232.433 234.616 156.048
23.33 237.406 240.604 156.448
23.34 238.344 245.385 156.18
23.35 236.357 247.669 156.045
23.36 231.533 247.113 156.942
23.37 218.131 244.087 159.424
23.38 194.687 238.37 162.836
23.39 169.098 229.575 166.051
23.4 142.822 218.344 168.724
23.41 112.312 204.882 170.135
23.42 78.324 188.671 169.098
23.43 41.7889 169.395 165.241
23.44 4.25378 146.679 158.326
23.45 -34.0053 120.555 148.049
23.46 -64.5391 90.8624 134.004
23.47 -87.9388 59.2242 117.005
23.48 -110.111 26.4616 97.7072
23.49 -132.145 -9.04755 75.991
23.5 -146.63 -38.5606 49.5566
23.51 -154.806 -65.1504 23.2915
23.52 -169.292 -88.1008 -4.22022
23.53 -185.962 -108.917 -28.7788
23.54 -194.259 -127.486 -48.4296
23.55 -201.817 -144.022 -64.473
23.56 -214.478 -159.796 -77.4309
23.57 -229.001 -173.62 -87.165
23.58 -243.302 -185.002 -93.0521
23.59 -257.279 -194.841 -95.6548
23.6 -272.757 -203.873 -95.9305
23.61 -281.977 -212.912 -95.1857
23.62 -282.397 -221.19 -94.1962
23.63 -282.44 -227.83 -93.6205
23.64 -278.532 -233.348 -95.1337
23.65 -270.612 -237.025 -98.5786
23.66 -270.967 -238.615 -103.045
23.67 -277.264 -240.495 -109.734
23.68 -278.437 -244.291 -118.861
23.69 -273.824 -249.503 -128.975
23.7 -267.049 -255.109 -139.676
23.71 -258.393 -259.98 -150.878
23.72 -244.184 -262.959 -161.756
23.73 -230.597 -262.726 -170.968
23.74 -226.084 -259.796 -178.094
23.75 -219.997 -256.403 -183.639
23.76 -205.892 -252.683 -186.552
23.77 -194.029 -247.816 -185.886
23.78 -182.346 -242.346 -183.198
23.79 -160.027 -235.467 -179.504
23.8 -123.569 -224.772 -174.634
23.81 -75.6994 -207.729 -168.99
23.82 -17.7794 -182.503 -162.734
23.83 59.0038 -148.27 -155.008
23.84 125.428 -102.139 -142.231
23.85 192.352 -47.5927 -125.43
23.86 253.543 20.8788 -103.546
23.87 303.713 79.4161 -69.8868
23.88 345.021 136.6 -34.3002
23.89 384.197 191.18 9.22467
23.9 420.308 241.718 52.1222
23.91 447.017 287.283 90.641
23.92 459.584 330.042 129.206
23.93 461.298 370.437 166.273
23.94 459.877 404.451 199.425
23.95 455.524 430.379 228.905
23.96 443.14 448.228 254.903
23.97 426.195 457.596 275.888
23.98 411.329 459.043 290.717
23.99 395.397 454.561 299.479
24 368.75 445.772 302.494
24.01 327.063 432.398 300.328
24.02 275.318 412.561 294.144
24.03 219.565 384.586 285.215
24.04 163.153 348.18 273.915
24.05 97.3689 304.873 260.361
24.06 13.2606 255.176 244.095
24.07 -58.291 197.026 222.842
24.08 -94.5424 133.132 196.512
24.09 -127.615 70.1362 166.815
24.1 -147.755 6.42402 131.238
24.11 -151.375 -46.0336 89.8299
24.12 -143.998 -80.1201 48.0982
24.13 -130.743 -106.164 9.73282
24.14 -122.794 -120.723 -27.8244
24.15 -121.014 -127.26 -54.4537
24.16 -123.268 -128.795 -73.9598
24.17 -135.577 -131.716 -88.6839
24.18 -151.888 -137.339 -97.3578
24.19 -165.529 -142.271 -99.866
24.2 -175.262 -145.351 -96.7978
24.21 -179.942 -145.861 -88.9454
24.22 -186.113 -142.874 -75.5966
24.23 -189.086 -137.957 -57.8632
24.24 -178.523 -132.113 -38.472
24.25 -157.879 -124.369 -19.318
24.26 -134.883 -114.133 -2.4209
24.27 -114.689 -101.641 9.58993
24.28 -105.779 -88.7091 15.758
24.29 -112.165 -79.1043 17.1519
24.3 -127.99 -75.2852 12.6057
24.31 -150.201 -78.4937 2.09059
24.32 -170.521 -89.093 -12.7037
24.33 -180.045 -104.849 -28.5387
24.34 -180.639 -121.445 -45.1635
24.35 -173.622 -137.197 -62.5517
24.36 -167.451 -149.811 -78.6856
24.37 -167.991 -159.459 -91.7323
24.38 -164.317 -168.667 -101.335
24.39 -156.785 -177.291 -106.234
24.4 -154.502 -184.589 -106.543
24.41 -158.086 -190.302 -104.825
24.42 -160.804 -193.931 -103.327
24.43 -159.703 -194.408 -103.165
24.44 -160.95 -190.849 -104.869
24.45 -166.161 -184.096 -108.53
24.46 -174.12 -175.721 -112.675
24.47 -180.039 -167.973 -115.67
24.48 -181.404 -162.187 -116.705
24.49 -185.522 -158.507 -115.249
24.5 -187.095 -158.097 -112.194
24.51 -176.692 -160.574 -108.335
24.52 -157.162 -163.837 -104.178
24.53 -128.954 -165.925 -101.825
24.54 -92.2522 -163.926 -102.378
24.55 -43.0199 -155.446 -105.171
24.56 35.7716 -138.616 -109.161
24.57 94.4363 -107.664 -108.791
24.58 149.967 -68.5672 -105.522
24.59 204.678 -19.2468 -96.9768
24.6 241.79 38.4123 -78.9431
24.61 261.025 84.6719 -50.9051
24.62 272.942 129.549 -21.5237
24.63 280.19 168.994 17.6169
24.64 277.064 202.215 55.03
24.65 269.325 226.38 87.9422
24.66 256.092 244.837 119.977
24.67 226.838 258.178 148.567
24.68 184.467 261.238 169.975
24.69 135.612 252.084 183.899
24.7 78.83 231.019 190.877
24.71 10.9483 198.279 189.12
24.72 -61.0301 154.262 176.485
24.73 -117.884 100.411 152.436
24.74 -177.15 40.6887 119.488
24.75 -227.047 -29.8711 76.7088
24.76 -262.703 -85.9967 18.6412
24.77 -289.786 -141.863 -39.4065
24.78 -312.162 -196.699 -88.0955
24.79 -328.136 -240.433 -134.687
24.8 -340.362 -279.653 -175.903
24.81 -349.496 -314.912 -208.637
24.82 -357.592 -344.792 -233.31
24.83 -364.389 -369.279 -251.131
24.84 -366.683 -387.021 -262.664
24.85 -366.81 -396.276 -267.716
24.86 -368.786 -397.072 -267.319
24.87 -367.298 -391.462 -263.555
24.88 -357.599 -381.318 -257.524
24.89 -337.816 -367.996 -249.985
24.9 -304.676 -351.937 -242.117
24.91 -261.193 -332.201 -234.506
24.92 -213.487 -308.148 -227.368
24.93 -165.66 -280.105 -220.487
24.94 -119.313 -249.064 -212.887
24.95 -75.6013 -216.071 -203.329
24.96 -29.292 -182.097 -191.357
24.97 30.8447 -146.908 -177.117
24.98 72.1311 -106.996 -158.752
24.99 113.423 -66.5223 -139.274
25 153.221 -22.4142 -117.956
25.01 175.445 25.8016 -92.6269
25.02 186.085 61.5606 -62.4107
25.03 195.373 94.3445 -33.5038
25.04 207.077 121.823 1.36326
25.05 223.519 144.379 34.8542
25.06 239.885 164.652 61.2144
25.07 248.141 184.046 85.2689
25.08 252.438 203.262 105.209
25.09 258.477 219.042 118.298
25.1 266.962 230.017 125.098
25.11 277.106 237.278 126.988
25.12 289.174 241.999 124.949
25.13 301.364 245.552 120.289
25.14 309.937 249.308 114.875
25.15 310.375 253.993 110.541
25.16 299.686 258.9 108.621
25.17 280.988 261.959 109.686
25.18 258.992 261.356 113.883
25.19 238.688 256.385 120.532
25.2 222.159 248.044 128.392
25.21 206.853 238.206 136.321
25.22 191.202 228.078 143.308
25.23 179.04 217.961 148.576
25.24 173.043 208.429 151.912
25.25 168.259 200.55 153.418
25.26 166.138 194.531 152.672
25.27 174.58 190.853 149.808
25.28 188.557 190.941 146.24
25.29 192.758 194.68 142.835
25.3 190.002 199.061 138.942
25.31 188.307 202.04 135.116
25.32 183.786 202.924 132.562
25.33 180.932 200.816 130.463
25.34 183.362 197.098 128.951
25.35 185.979 193.889 129.334
25.36 187.562 191.97 131.511
25.37 182.612 191.832 135.417
25.38 163.163 192.382 141.062
25.39 144.232 190.424 146.786
25.4 135.881 185.743 152.105
25.41 118.958 179.983 157.373
25.42 91.8918 171.566 160.033
25.43 71.0045 159.752 158.537
25.44 48.6619 146.451 154.428
25.45 15.2014 131.203 147.27
25.46 -18.0248 112.423 135.763
25.47 -41.8847 90.6353 121.554
25.48 -75.1282 67.2354 107.132
25.49 -111.525 38.9237 90.65
25.5 -147.115 4.70876 71.944
25.51 -186.97 -32.6862 51.5338
25.52 -226.699 -68.9603 28.2835
25.53 -255.58 -109.017 3.55935
25.54 -276.854 -148.066 -22.7481
25.55 -294.634 -183.433 -46.2606
25.56 -305.507 -213.467 -69.8726
25.57 -310.751 -238.437 -93.5684
25.58 -313.203 -257.8 -114.714
25.59 -311.326 -271.486 -132.734
25.6 -304.105 -280.588 -147.476
25.61 -295.637 -285.764 -158.466
25.62 -286.106 -287.79 -165.878
25.63 -272.657 -286.98 -170.145
25.64 -255.428 -283.022 -171.43
25.65 -232.02 -275.606 -170.238
25.66 -202.43 -263.821 -166.762
25.67 -167.131 -247.026 -161.271
25.68 -125.978 -224.874 -154.239
25.69 -83.9994 -197.203 -145.583
25.7 -46.8136 -165.081 -135.004
25.71 -17.0187 -130.71 -122.063
25.72 15.4222 -97.0535 -106.859
25.73 46.2575 -64.1282 -88.8196
25.74 79.3821 -32.292 -69.2294
25.75 112.893 2.40531 -49.0134
25.76 144.82 34.7388 -26.0102
25.77 173.015 66.0644 -2.11754
25.78 196.576 98.3394 20.9872
25.79 219.065 127.906 42.094
25.8 245.595 153.579 62.0198
25.81 272.763 177.825 80.9619
25.82 295.784 200.737 98.0703
25.83 315.995 221.849 112.754
25.84 329.95 241.733 125.672
25.85 327.563 259.942 137.197
25.86 307.915 274.033 146.611
25.87 286.383 281.511 153.546
25.88 270.134 282.683 158.9
25.89 248.951 279.159 162.968
25.9 217.82 271.206 164.675
25.91 183.426 258.38 163.865
25.92 149.816 240.704 161.542
25.93 110.948 218.583 158.051
25.94 70.2469 191.709 152.294
25.95 37.3392 160.914 143.947
25.96 9.57219 128.425 133.68
25.97 -16.1217 95.5152 120.645
25.98 -40.0913 63.3478 103.883
25.99 -72.1157 32.8252 84.2558
26 -106.373 -0.0183997 61.8208
26.01 -142.431 -31.438 35.8004
26.02 -178.209 -61.9181 7.96278
26.03 -211.174 -94.7617 -20.0649
26.04 -243.16 -127.565 -44.3587
26.05 -268.627 -157.709 -67.0993
26.06 -284.193 -186.393 -88.2828
26.07 -295.148 -211.877 -106.15
26.08 -306.02 -232.974 -120.626
26.09 -318.856 -250.491 -132.108
26.1 -332.93 -265.735 -140.68
26.11 -347.288 -279.831 -146.572
26.12 -362.757 -293.675 -150.769
26.13 -377.939 -308.086 -154.845
26.14 -389.246 -323.206 -160.1
26.15 -389.329 -338.233 -167.603
26.16 -377.691 -350.665 -177.663
26.17 -361.784 -357.928 -189.913
26.18 -341.317 -359.273 -203.754
26.19 -314.388 -354.812 -217.297
26.2 -281.229 -345.449 -228.604
26.21 -242.721 -332.16 -236.795
26.22 -200.902 -315.351 -241.457
26.23 -154.98 -295.178 -242.508
26.24 -108.603 -271.186 -239.659
26.25 -66.3668 -243.374 -232.837
26.26 -25.2002 -212.287 -222.254
26.27 20.1326 -177.943 -207.554
26.28 51.3652 -139.274 -187.277
26.29 77.6122 -99.4368 -162.865
26.3 100.446 -58.4444 -134.322
26.31 123.507 -16.8177 -102.23
26.32 139.684 26.0909 -67.7276
26.33 150.128 58.407 -30.6068
26.34 164.797 88.4216 3.26002
26.35 183.852 115.832 32.3765
26.36 201.347 137.332 55.7487
26.37 217.148 155.743 73.6628
26.38 234.902 172.802 87.021
26.39 253.971 188.097 96.0033
26.4 272.397 201.155 100.879
26.41 289.941 212.379 102.412
26.42 302.465 222.539 101.822
26.43 306.339 231.561 100.091
26.44 302.872 238.924 98.2602
26.45 291.688 244.399 97.8709
26.46 271.709 247.269 99.7055
26.47 246.456 246.305 103.442
26.48 215.834 240.932 108.977
26.49 181.273 230.614 115.544
26.5 151.586 215.466 121.497
26.51 126.262 197.586 126.075
26.52 100.458 178.666 128.421
26.53 81.4644 159.071 127.266
26.54 70.9872 140.226 123.153
26.55 59.2444 123.348 117.026
26.56 48.9541 107.746 108.145
26.57 45.5437 93.8008 96.742
26.58 38.7819 82.5368 84.456
26.59 30.0053 72.1746 70.8266
26.6 28.0315 61.9468 55.6459
26.61 24.5948 53.0095 41.0992
26.62 22.7205 44.282 27.3654
26.63 22.7133 36.6589 15.1954
26.64 14.1622 30.752 7.32348
26.65 9.58225 24.5514 3.24519
26.66 10.2133 19.8122 3.39695
26.67 -0.350446 17.6966 8.69564
26.68 -8.98673 15.3984 15.1549
26.69 -14.9142 14.2114 22.3988
26.7 -21.0992 13.8988 30.6323
26.71 -9.76573 13.6704 36.1085
26.72 13.2271 17.7767 39.2739
26.73 36.8292 27.152 41.7179
26.74 75.555 40.5343 41.9505
26.75 108.089 60.5451 43.3795
26.76 130.572 82.8044 46.9262
26.77 151.935 104.812 51.4483
26.78 166.98 125.446 59.1233
26.79 179.468 142.552 69.3382
26.8 190.357 156.27 80.7873
26.81 197.493 167.265 93.1263
26.82 201.056 176.385 105.406
26.83 198.209 184.381 117.089
26.84 191.054 190.815 127.727
26.85 181.441 195.339 137.302
26.86 170.375 197.371 145.69
26.87 163.245 196.441 151.972
26.88 159.252 193.497 155.697
26.89 150.431 189.48 156.744
26.9 134.201 183.93 154.751
26.91 110.443 175.926 150.166
26.92 75.484 164.246 143.858
26.93 31.3375 146.972 135.619
26.94 -14.5551 123.114 124.938
26.95 -43.3572 92.8489 111.052
26.96 -75.4582 60.722 95.6196
26.97 -105.802 25.1515 77.1208
26.98 -127.828 -13.9593 55.4644
26.99 -149.07 -44.8393 30.5148
27 -170.217 -74.9614 6.94822
27.01 -191.64 -103.223 -17.5947
27.02 -212.32 -128.609 -37.6285
27.03 -226.298 -150.886 -54.2889
27.04 -231.181 -171.219 -70.0133
27.05 -231.866 -188.138 -84.2004
27.06 -228.781 -199.7 -97.022
27.07 -219.127 -205.706 -108.545
27.08 -203.256 -206.263 -117.759
27.09 -183.241 -201.577 -123.417
27.1 -160.34 -192.15 -124.713
27.11 -137.137 -178.729 -121.091
27.12 -119.549 -162.458 -112.371
27.13 -109.425 -145.317 -99.4894
27.14 -103.331 -129.083 -84.1871
27.15 -98.5499 -114.515 -68.3659
27.16 -95.7151 -101.677 -53.8828
27.17 -93.6555 -90.6898 -42.2325
27.18 -85.9429 -81.4482 -34.0248
27.19 -69.4848 -72.5945 -28.7168
27.2 -53.0936 -62.2619 -25.218
27.21 -46.2121 -50.6921 -23.0046
27.22 -43.5816 -40.5887 -21.9584
27.23 -36.3543 -33.9141 -21.2577
27.24 -26.0601 -30.6433 -20.3754
27.25 -24.2868 -29.9772 -19.7334
27.26 -30.4324 -32.5673 -20.3221
27.27 -41.3689 -37.9161 -21.6834
27.28 -60.2291 -45.5596 -23.1672
27.29 -81.7314 -56.1089 -26.4219
27.3 -104.508 -68.5482 -31.7455
27.31 -126.389 -82.5006 -38.4297
27.32 -145.375 -97.588 -46.4557
27.33 -161.03 -113.42 -55.8093
27.34 -171.1 -129.245 -66.4188
27.35 -179.936 -143.597 -77.4597
27.36 -190.157 -156.431 -88.303
27.37 -193.643 -168.451 -98.8103
27.38 -187.358 -178.784 -108.102
27.39 -183.453 -185.928 -115.55
27.4 -183.376 -190.51 -122.438
27.41 -175.847 -193.17 -129.372
27.42 -160.279 -193.056 -135.122
27.43 -138.36 -189.807 -139.589
27.44 -107.396 -182.705 -142.946
27.45 -64.1558 -170.244 -144.035
27.46 -7.75056 -150.712 -141.517
27.47 44.3477 -122.169 -133.766
27.48 79.8129 -85.9986 -120.38
27.49 111.573 -45.7683 -101.986
27.5 130.587 -0.748655 -77.3912
27.51 142.374 37.4973 -46.7532
27.52 155.701 66.9977 -15.1645
27.53 171.702 94.013 15.6357
27.54 188.823 118.127 40.9022
27.55 205.096 137.894 61.5762
27.56 221.492 157.676 79.0917
27.57 236.068 178.09 93.8425
27.58 250.276 196.784 105.864
27.59 267.694 212.945 115.784
27.6 285.415 226.861 124.524
27.61 298.538 238.629 131.582
27.62 305.09 248.278 136.207
27.63 304.442 255.949 138.628
27.64 298.282 261.397 139.278
27.65 286.444 264.341 138.777
27.66 266.231 264.33 138.115
27.67 240.898 260.496 138.028
27.68 216.549 252.717 139.106
27.69 188.695 242.019 141.839
27.7 151.21 228.462 145.427
27.71 112.565 210.783 148.161
27.72 77.3856 189.036 149.566
27.73 42.6653 163.799 148.906
27.74 7.31665 135.823 144.559
27.75 -27.7087 106.355 135.762
27.76 -45.377 75.9472 121.753
27.77 -58.3322 48.5716 103.961
27.78 -77.434 23.8801 82.554
27.79 -92.9231 -1.2979 57.0913
27.8 -101.116 -23.1492 28.643
27.81 -113.02 -42.4828 0.657883
27.82 -130.817 -63.1201 -23.9186
27.83 -148.735 -82.8755 -43.6074
27.84 -165.946 -100.975 -58.2527
27.85 -186.851 -118.865 -67.712
27.86 -208.731 -136.183 -73.2449
27.87 -221.881 -152.146 -76.2923
27.88 -227.493 -165.297 -77.4544
27.89 -228.669 -175.049 -77.9005
27.9 -225.849 -181.262 -78.4981
27.91 -222.369 -184.156 -79.0712
27.92 -215.169 -185.042 -80.1369
27.93 -201.486 -184.272 -81.8915
27.94 -189.946 -181.17 -83.4074
27.95 -183.918 -176.43 -84.7513
27.96 -174.308 -171.24 -86.5516
27.97 -166.044 -165.111 -88.0366
27.98 -165.021 -158.911 -89.6762
27.99 -162.068 -154.264 -92.6237
28 -155.14 -150.873 -95.5292
28.01 -142.297 -148.639 -97.6627
28.02 -118.187 -146.529 -99.4854
28.03 -86.9843 -141.855 -100.272
28.04 -58.7413 -132.743 -99.1395
28.05 -37.8991 -119.52 -95.8487
28.06 -22.9887 -103.803 -89.9376
28.07 -15.7603 -87.2332 -80.8763
28.08 -14.9071 -71.9067 -69.5706
28.09 -18.2681 -59.0299 -57.4276
28.1 -21.4106 -49.1806 -45.7562
28.11 -16.3334 -41.8637 -36.0558
28.12 -5.71222 -34.6146 -28.7687
28.13 5.07602 -26.0119 -23.8858
28.14 16.2344 -15.9878 -21.028
28.15 31.0526 -5.0877 -18.7509
28.16 49.1361 6.30509 -15.5686
28.17 71.1723 15.8726 -11.0118
28.18 93.8713 26.1217 -6.11869
28.19 114.713 36.7186 0.308105
28.2 132.64 47.9155 6.94863
28.21 144.319 59.8521 12.8327
28.22 150.5 71.7652 18.2439
28.23 157.976 83.5622 22.8078
28.24 163.424 95.6363 27.512
28.25 161.567 107.342 33.1048
28.26 156.586 117.347 39.3967
28.27 148.233 125.135 46.972
28.28 132.53 129.823 55.4795
28.29 111.851 129.987 63.2643
28.3 93.9756 125.028 69.3752
28.31 79.0362 116.109 73.8026
28.32 64.8111 104.463 75.6812
28.33 56.023 91.2785 73.7628
28.34 48.7409 78.9152 68.6441
28.35 33.9471 67.9803 61.1343
28.36 7.96209 56.6767 51.2796
28.37 -25.0564 42.1854 39.3736
28.38 -46.9994 21.9663 25.1391
28.39 -62.352 -2.66774 9.53412
28.4 -74.8022 -25.5544 -9.43332
28.41 -85.183 -46.7191 -25.8038
28.42 -91.1387 -63.8741 -40.0952
28.43 -101.388 -76.0069 -52.3306
28.44 -118.34 -85.2123 -61.0897
28.45 -131.091 -93.3551 -67.1844
28.46 -141.482 -101.283 -70.4109
28.47 -150.929 -110.077 -71.6744
28.48 -155.162 -119.275 -72.4822
28.49 -156.275 -127.068 -73.0511
28.5 -154.705 -132.557 -74.1128
28.51 -148.738 -135.097 -76.0439
28.52 -136.723 -134.151 -77.8393
28.53 -117.332 -129.223 -78.4022
28.54 -88.8955 -119.836 -77.3954
28.55 -50.6089 -105.324 -74.8604
28.56 -1.79401 -85.1684 -70.8499
28.57 44.7626 -58.6729 -64.4238
28.58 81.5853 -27.6791 -55.3654
28.59 117.904 6.58914 -44.1952
28.6 150.677 36.4372 -27.5069
28.61 177.266 65.1142 -8.79229
28.62 199.929 93.4997 12.6243
28.63 220.652 121.161 33.9426
28.64 236.346 147.366 55.7731
28.65 247.346 172.8 78.0951
28.66 259.004 196.667 98.921
28.67 271.065 217.938 117.584
28.68 280.518 236.3 134.023
28.69 288.001 251.407 148.047
28.7 294.265 263.368 159.634
28.71 296.614 272.668 168.772
28.72 293.192 279.438 175.107
28.73 285.072 283.385 178.492
28.74 273.869 284.061 179.314
28.75 261.942 281.142 178.035
28.76 251.708 275.074 175.164
28.77 238.693 267.238 171.739
28.78 215.24 258.231 168.74
28.79 182.511 246.867 166.471
28.8 144.281 231.728 165.184
28.81 99.5636 211.776 164.55
28.82 48.5173 186.144 162.931
28.83 -14.7798 154.955 158.948
28.84 -60.6215 116.482 149.523
28.85 -94.607 75.5852 135.299
28.86 -120.634 33.8628 115.578
28.87 -140.3 -8.15152 89.9991
28.88 -152.752 -39.835 58.2719
28.89 -153.228 -67.0469 26.5846
28.9 -150.294 -89.3418 -6.4973
28.91 -151.596 -106.922 -34.0655
28.92 -157.7 -119.57 -55.0085
28.93 -169.259 -130.796 -71.739
28.94 -183.669 -143.271 -83.7049
28.95 -201.305 -155.309 -90.6284
28.96 -228.333 -166.45 -93.5018
28.97 -260.346 -178.408 -94.2508
28.98 -287.625 -191.932 -93.4406
28.99 -309.299 -206.479 -91.0476
29 -327.065 -221.689 -88.8173
29.01 -339.925 -237.167 -88.6409
29.02 -348.42 -252.279 -90.8751
29.03 -350.6 -266.854 -95.9695
29.04 -343.449 -280.359 -104.716
29.05 -331.963 -291.456 -117.028
29.06 -320.565 -299.642 -132.575
29.07 -305.587 -305.275 -150.68
29.08 -286.662 -308.202 -169.571
29.09 -267.953 -308.214 -187.732
29.1 -248.52 -305.507 -204.409
29.11 -225.765 -299.989 -218.32
29.12 -201.52 -291.487 -227.882
29.13 -175.923 -280.314 -232.363
29.14 -146.164 -266.348 -231.438
29.15 -116.933 -248.519 -224.52
29.16 -93.3893 -226.698 -211.902
29.17 -74.7186 -201.829 -194.615
29.18 -59.6024 -175.118 -173.628
29.19 -44.0134 -148.037 -150.62
29.2 -26.2676 -121.125 -127.495
29.21 -10.4399 -94.3959 -105.612
29.22 0.390436 -68.6123 -85.9255
29.23 10.2946 -45.2131 -68.9904
29.24 23.0091 -24.6512 -54.5674
29.25 32.4024 -6.07364 -41.8818
29.26 39.1232 9.4391 -30.8793
29.27 57.035 19.2995 -21.665
29.28 84.0578 29.2443 -14.2384
29.29 111.054 39.72 -6.93239
29.3 141.126 51.091 -2.1036
29.31 171.008 65.3441 1.02629
29.32 194.534 81.9757 4.71859
29.33 212.514 99.3855 8.42686
29.34 225.858 116.151 12.7191
29.35 238.873 131.694 18.4907
29.36 251.364 146.881 26.063
29.37 259.094 162.367 35.3903
29.38 263.319 178.08 46.0121
29.39 262.106 193.976 58.2938
29.4 253.62 208.826 72.1068
29.41 242.97 220.773 86.4398
29.42 232.837 229.031 100.993
29.43 225.46 233.38 115.1
29.44 221.885 234.436 127.6
29.45 216.414 233.409 137.779
29.46 207.69 230.56 144.67
29.47 197.488 225.971 147.839
29.48 183.503 219.778 147.787
29.49 164.551 211.524 144.928
29.5 141.996 200.693 139.805
29.51 115.676 187.026 133.269
29.52 85.2126 170.173 125.621
29.53 52.2809 149.83 116.568
29.54 19.1698 126.116 105.882
29.55 -15.4888 99.6342 93.6354
29.56 -38.6901 70.1869 78.9891
29.57 -59.7631 40.815 63.2315
29.58 -76.9569 11.023 46.2594
29.59 -87.434 -17.4605 27.7676
29.6 -94.6755 -37.7856 8.16329
29.61 -101.798 -55.9953 -8.62684
29.62 -113.44 -71.0915 -22.6918
29.63 -123.316 -82.6753 -35.388
29.64 -132.811 -92.9216 -45.5096
29.65 -149.645 -102.005 -53.1745
29.66 -169.522 -111.014 -59.4669
29.67 -187.499 -120.104 -64.0143
29.68 -202.311 -129.099 -66.4018
29.69 -210.684 -138.031 -67.555
29.7 -208.668 -146.222 -68.3197
29.71 -198.309 -152.241 -68.693
29.72 -183.424 -155.235 -68.9212
29.73 -167.424 -154.957 -69.2431
29.74 -154.223 -151.739 -69.4007
29.75 -143.358 -146.805 -69.4928
29.76 -133.813 -141.277 -69.7145
29.77 -124.706 -135.96 -70.2777
29.78 -111.714 -131.01 -71.618
29.79 -93.2742 -125.176 -73.6041
29.8 -72.5034 -116.788 -75.6869
29.81 -47.7238 -105.07 -77.5263
29.82 -18.4979 -89.3481 -77.8569
29.83 17.8896 -69.9169 -75.3154
29.84 52.4149 -46.4006 -68.307
29.85 86.3007 -20.2548 -56.8006
29.86 113.706 9.88154 -40.4864
29.87 138.282 34.8403 -18.0597
29.88 160.025 59.6114 6.20441
29.89 176.804 84.7613 28.6099
29.9 190.514 106.553 49.0196
29.91 201.078 127.332 67.1755
29.92 205.295 147.459 82.8856
29.93 208.102 165.119 95.307
29.94 211.024 180.115 105.015
29.95 208.836 192.125 113.102
29.96 205.394 199.699 119.004
29.97 204.326 202.755 122.755
29.98 202.853 202.302 124.935
29.99 200.825 199.273 125.139
30 191.311 194.928 123.709
30.01 175.229 188.577 120.815
