 0.0000      4.0616e+02
 1.1613e-01  4.0676e+02
 2.3226e-01  4.0736e+02
 3.4839e-01  4.0736e+02
 4.6452e-01  4.0857e+02
 5.8065e-01  4.0857e+02
 6.9677e-01  4.0857e+02
 8.1290e-01  4.0857e+02
 9.2903e-01  4.0857e+02
 1.0452      4.0917e+02
 1.1613      4.0978e+02
 1.2774      4.0978e+02
 1.3935      4.0978e+02
 1.5097      4.0978e+02
 1.6258      4.1038e+02
 1.7419      4.1098e+02
 1.8581      4.1098e+02
 1.9742      4.1098e+02
 2.0903      4.1098e+02
 2.2065      4.1159e+02
 2.3226      4.1159e+02
 2.4387      4.1219e+02
 2.5548      4.1219e+02
 2.6710      4.1219e+02
 2.7871      4.1219e+02
 2.9032      4.1279e+02
 3.0194      4.1279e+02
 3.1355      4.1279e+02
 3.2516      4.1340e+02
 3.3677      4.1340e+02
 3.4839      4.1340e+02
 3.6000      4.1340e+02
 3.7161      4.1340e+02
 3.8323      4.1340e+02
 3.9484      4.1400e+02
 4.0645      4.1400e+02
 4.1806      4.1400e+02
 4.2968      4.1400e+02
 4.4129      4.1460e+02
 4.5290      4.1460e+02
 4.6452      4.1460e+02
 4.7613      4.1460e+02
 4.8774      4.1460e+02
 4.9935      4.1460e+02
 5.1097      4.1521e+02
 5.2258      4.1521e+02
 5.3419      4.1581e+02
 5.4581      4.1581e+02
 5.5742      4.1581e+02
 5.6903      4.1581e+02
 5.8065      4.1581e+02
 5.9226      4.1702e+02
 6.0387      4.1702e+02
 6.1548      4.1702e+02
 6.2710      4.1702e+02
 6.3871      4.1823e+02
 6.5032      4.1823e+02
 6.6194      4.1883e+02
 6.7355      4.1943e+02
 6.8516      4.1943e+02
 6.9677      4.1943e+02
 7.0839      4.2064e+02
 7.2000      4.2064e+02
 7.3161      4.2064e+02
 7.4323      4.2185e+02
 7.5484      4.2185e+02
 7.6645      4.2245e+02
 7.7806      4.2305e+02
 7.8968      4.2305e+02
 8.0129      4.2305e+02
 8.1290      4.2366e+02
 8.2452      4.2426e+02
 8.3613      4.2426e+02
 8.4774      4.2547e+02
 8.5935      4.2547e+02
 8.7097      4.2607e+02
 8.8258      4.2667e+02
 8.9419      4.2667e+02
 9.0581      4.2667e+02
 9.1742      4.2728e+02
 9.2903      4.2728e+02
 9.4065      4.2788e+02
 9.5226      4.2788e+02
 9.6387      4.2849e+02
 9.7548      4.2909e+02
 9.8710      4.2909e+02
 9.9871      4.2909e+02
 1.0103e+01  4.3030e+02
 1.0219e+01  4.3030e+02
 1.0335e+01  4.3030e+02
 1.0452e+01  4.3030e+02
 1.0568e+01  4.3090e+02
 1.0684e+01  4.3150e+02
 1.0800e+01  4.3150e+02
 1.0916e+01  4.3150e+02
 1.1032e+01  4.3211e+02
 1.1148e+01  4.3271e+02
 1.1265e+01  4.3271e+02
 1.1381e+01  4.3331e+02
 1.1497e+01  4.3392e+02
 1.1613e+01  4.3392e+02
 1.1729e+01  4.3392e+02
 1.1845e+01  4.3452e+02
 1.1961e+01  4.3512e+02
 1.2077e+01  4.3512e+02
 1.2194e+01  4.3512e+02
 1.2310e+01  4.3573e+02
 1.2426e+01  4.3573e+02
 1.2542e+01  4.3633e+02
 1.2658e+01  4.3633e+02
 1.2774e+01  4.3633e+02
 1.2890e+01  4.3754e+02
 1.3006e+01  4.3754e+02
 1.3123e+01  4.3754e+02
 1.3239e+01  4.3754e+02
 1.3355e+01  4.3874e+02
 1.3471e+01  4.3874e+02
 1.3587e+01  4.3874e+02
 1.3703e+01  4.3874e+02
 1.3819e+01  4.3874e+02
 1.3935e+01  4.3995e+02
 1.4052e+01  4.3995e+02
 1.4168e+01  4.3995e+02
 1.4284e+01  4.3995e+02
 1.4400e+01  4.3995e+02
 1.4516e+01  4.4056e+02
 1.4632e+01  4.4116e+02
 1.4748e+01  4.4116e+02
 1.4865e+01  4.4116e+02
 1.4981e+01  4.4116e+02
 1.5097e+01  4.4116e+02
 1.5213e+01  4.4116e+02
 1.5329e+01  4.4116e+02
 1.5445e+01  4.4116e+02
 1.5561e+01  4.4116e+02
 1.5677e+01  4.4116e+02
 1.5794e+01  4.4116e+02
 1.5910e+01  4.4116e+02
 1.6026e+01  4.4116e+02
 1.6142e+01  4.4116e+02
 1.6258e+01  4.4116e+02
 1.6374e+01  4.4176e+02
 1.6490e+01  4.4176e+02
 1.6606e+01  4.4176e+02
 1.6723e+01  4.4176e+02
 1.6839e+01  4.4237e+02
 1.6955e+01  4.4237e+02
 1.7071e+01  4.4237e+02
 1.7187e+01  4.4237e+02
 1.7303e+01  4.4237e+02
 1.7419e+01  4.4237e+02
 1.7535e+01  4.4237e+02
 1.7652e+01  4.4237e+02
 1.7768e+01  4.4237e+02
 1.7884e+01  4.4237e+02
 1.8000e+01  4.4237e+02
 1.8116e+01  4.4237e+02
 1.8232e+01  4.4297e+02
 1.8348e+01  4.4297e+02
 1.8465e+01  4.4297e+02
 1.8581e+01  4.4297e+02
 1.8697e+01  4.4357e+02
 1.8813e+01  4.4357e+02
 1.8929e+01  4.4357e+02
 1.9045e+01  4.4357e+02
 1.9161e+01  4.4357e+02
 1.9277e+01  4.4357e+02
 1.9394e+01  4.4357e+02
 1.9510e+01  4.4357e+02
 1.9626e+01  4.4357e+02
 1.9742e+01  4.4357e+02
 1.9858e+01  4.4357e+02
 1.9974e+01  4.4357e+02
 2.0090e+01  4.4357e+02
 2.0206e+01  4.4357e+02
 2.0323e+01  4.4357e+02
 2.0439e+01  4.4357e+02
 2.0555e+01  4.4357e+02
 2.0671e+01  4.4418e+02
 2.0787e+01  4.4418e+02
 2.0903e+01  4.4357e+02
 2.1019e+01  4.4357e+02
 2.1135e+01  4.4357e+02
 2.1252e+01  4.4357e+02
 2.1368e+01  4.4357e+02
 2.1484e+01  4.4357e+02
 2.1600e+01  4.4357e+02
 2.1716e+01  4.4418e+02
 2.1832e+01  4.4418e+02
 2.1948e+01  4.4478e+02
 2.2065e+01  4.4478e+02
 2.2181e+01  4.4478e+02
 2.2297e+01  4.4478e+02
 2.2413e+01  4.4478e+02
 2.2529e+01  4.4478e+02
 2.2645e+01  4.4418e+02
 2.2761e+01  4.4418e+02
 2.2877e+01  4.4418e+02
 2.2994e+01  4.4478e+02
 2.3110e+01  4.4478e+02
 2.3226e+01  4.4478e+02
 2.3342e+01  4.4478e+02
 2.3458e+01  4.4478e+02
 2.3574e+01  4.4478e+02
 2.3690e+01  4.4478e+02
 2.3806e+01  4.4478e+02
 2.3923e+01  4.4478e+02
 2.4039e+01  4.4478e+02
 2.4155e+01  4.4478e+02
 2.4271e+01  4.4478e+02
 2.4387e+01  4.4478e+02
 2.4503e+01  4.4478e+02
 2.4619e+01  4.4418e+02
 2.4735e+01  4.4357e+02
 2.4852e+01  4.4357e+02
 2.4968e+01  4.4357e+02
 2.5084e+01  4.4357e+02
 2.5200e+01  4.4357e+02
 2.5316e+01  4.4357e+02
 2.5432e+01  4.4357e+02
 2.5548e+01  4.4357e+02
 2.5665e+01  4.4357e+02
 2.5781e+01  4.4357e+02
 2.5897e+01  4.4357e+02
 2.6013e+01  4.4357e+02
 2.6129e+01  4.4357e+02
 2.6245e+01  4.4357e+02
 2.6361e+01  4.4357e+02
 2.6477e+01  4.4357e+02
 2.6594e+01  4.4357e+02
 2.6710e+01  4.4357e+02
 2.6826e+01  4.4297e+02
 2.6942e+01  4.4297e+02
 2.7058e+01  4.4237e+02
 2.7174e+01  4.4237e+02
 2.7290e+01  4.4237e+02
 2.7406e+01  4.4237e+02
 2.7523e+01  4.4237e+02
 2.7639e+01  4.4237e+02
 2.7755e+01  4.4176e+02
 2.7871e+01  4.4116e+02
 2.7987e+01  4.4116e+02
 2.8103e+01  4.4116e+02
 2.8219e+01  4.4116e+02
 2.8335e+01  4.4056e+02
 2.8452e+01  4.3995e+02
 2.8568e+01  4.3995e+02
 2.8684e+01  4.3995e+02
 2.8800e+01  4.3935e+02
 2.8916e+01  4.3874e+02
 2.9032e+01  4.3874e+02
 2.9148e+01  4.3814e+02
 2.9265e+01  4.3754e+02
 2.9381e+01  4.3754e+02
 2.9497e+01  4.3693e+02
 2.9613e+01  4.3633e+02
 2.9729e+01  4.3633e+02
 2.9845e+01  4.3512e+02
 2.9961e+01  4.3512e+02
 3.0077e+01  4.3392e+02
 3.0194e+01  4.3392e+02
 3.0310e+01  4.3331e+02
 3.0426e+01  4.3271e+02
 3.0542e+01  4.3271e+02
 3.0658e+01  4.3271e+02
 3.0774e+01  4.3271e+02
 3.0890e+01  4.3271e+02
 3.1006e+01  4.3150e+02
 3.1123e+01  4.3150e+02
 3.1239e+01  4.3150e+02
 3.1355e+01  4.3150e+02
 3.1471e+01  4.3150e+02
 3.1587e+01  4.3150e+02
 3.1703e+01  4.3150e+02
 3.1819e+01  4.3150e+02
 3.1935e+01  4.3150e+02
 3.2052e+01  4.3150e+02
 3.2168e+01  4.3150e+02
 3.2284e+01  4.3150e+02
 3.2400e+01  4.3150e+02
 3.2516e+01  4.3090e+02
 3.2632e+01  4.3030e+02
 3.2748e+01  4.3030e+02
 3.2865e+01  4.2909e+02
 3.2981e+01  4.2909e+02
 3.3097e+01  4.2788e+02
 3.3213e+01  4.2788e+02
 3.3329e+01  4.2667e+02
 3.3445e+01  4.2667e+02
 3.3561e+01  4.2547e+02
 3.3677e+01  4.2547e+02
 3.3794e+01  4.2486e+02
 3.3910e+01  4.2486e+02
 3.4026e+01  4.2426e+02
 3.4142e+01  4.2366e+02
 3.4258e+01  4.2366e+02
 3.4374e+01  4.2305e+02
 3.4490e+01  4.2305e+02
 3.4606e+01  4.2305e+02
 3.4723e+01  4.2305e+02
 3.4839e+01  4.2305e+02
 3.4955e+01  4.2305e+02
 3.5071e+01  4.2305e+02
 3.5187e+01  4.2305e+02
 3.5303e+01  4.2305e+02
 3.5419e+01  4.2305e+02
 3.5535e+01  4.2305e+02
 3.5652e+01  4.2305e+02
 3.5768e+01  4.2305e+02
 3.5884e+01  4.2305e+02
 3.6000e+01  4.2185e+02
 3.6116e+01  4.2185e+02
 3.6232e+01  4.2185e+02
 3.6348e+01  4.2185e+02
 3.6465e+01  4.2185e+02
 3.6581e+01  4.2185e+02
 3.6697e+01  4.2185e+02
 3.6813e+01  4.2185e+02
 3.6929e+01  4.2185e+02
 3.7045e+01  4.2185e+02
 3.7161e+01  4.2185e+02
 3.7277e+01  4.2185e+02
 3.7394e+01  4.2185e+02
 3.7510e+01  4.2185e+02
 3.7626e+01  4.2185e+02
 3.7742e+01  4.2185e+02
 3.7858e+01  4.2185e+02
 3.7974e+01  4.2185e+02
 3.8090e+01  4.2185e+02
 3.8206e+01  4.2185e+02
 3.8323e+01  4.2185e+02
 3.8439e+01  4.2185e+02
 3.8555e+01  4.2185e+02
 3.8671e+01  4.2185e+02
 3.8787e+01  4.2185e+02
 3.8903e+01  4.2185e+02
 3.9019e+01  4.2185e+02
 3.9135e+01  4.2124e+02
 3.9252e+01  4.2124e+02
 3.9368e+01  4.2124e+02
 3.9484e+01  4.2124e+02
 3.9600e+01  4.2124e+02
 3.9716e+01  4.2064e+02
 3.9832e+01  4.2064e+02
 3.9948e+01  4.2064e+02
 4.0065e+01  4.2064e+02
 4.0181e+01  4.2064e+02
 4.0297e+01  4.2064e+02
 4.0413e+01  4.2064e+02
 4.0529e+01  4.2064e+02
 4.0645e+01  4.2064e+02
 4.0761e+01  4.2064e+02
 4.0877e+01  4.2064e+02
 4.0994e+01  4.2064e+02
 4.1110e+01  4.2064e+02
 4.1226e+01  4.2004e+02
 4.1342e+01  4.2004e+02
 4.1458e+01  4.1943e+02
 4.1574e+01  4.1943e+02
 4.1690e+01  4.1943e+02
 4.1806e+01  4.1943e+02
 4.1923e+01  4.1943e+02
 4.2039e+01  4.1943e+02
 4.2155e+01  4.1883e+02
 4.2271e+01  4.1883e+02
 4.2387e+01  4.1823e+02
 4.2503e+01  4.1823e+02
 4.2619e+01  4.1823e+02
 4.2735e+01  4.1823e+02
 4.2852e+01  4.1702e+02
 4.2968e+01  4.1702e+02
 4.3084e+01  4.1642e+02
 4.3200e+01  4.1581e+02
 4.3316e+01  4.1581e+02
 4.3432e+01  4.1581e+02
 4.3548e+01  4.1521e+02
 4.3665e+01  4.1460e+02
 4.3781e+01  4.1460e+02
 4.3897e+01  4.1400e+02
 4.4013e+01  4.1340e+02
 4.4129e+01  4.1340e+02
 4.4245e+01  4.1279e+02
 4.4361e+01  4.1219e+02
 4.4477e+01  4.1219e+02
 4.4594e+01  4.1219e+02
 4.4710e+01  4.1219e+02
 4.4826e+01  4.1219e+02
 4.4942e+01  4.1219e+02
 4.5058e+01  4.1219e+02
 4.5174e+01  4.1098e+02
 4.5290e+01  4.1098e+02
 4.5406e+01  4.1098e+02
 4.5523e+01  4.1098e+02
 4.5639e+01  4.1159e+02
 4.5755e+01  4.1159e+02
 4.5871e+01  4.1098e+02
 4.5987e+01  4.1098e+02
 4.6103e+01  4.1098e+02
 4.6219e+01  4.1098e+02
 4.6335e+01  4.1098e+02
 4.6452e+01  4.1098e+02
 4.6568e+01  4.1098e+02
 4.6684e+01  4.1159e+02
 4.6800e+01  4.1159e+02
 4.6916e+01  4.1159e+02
 4.7032e+01  4.1098e+02
 4.7148e+01  4.1098e+02
 4.7265e+01  4.1098e+02
 4.7381e+01  4.1098e+02
 4.7497e+01  4.1098e+02
 4.7613e+01  4.1098e+02
 4.7729e+01  4.1098e+02
 4.7845e+01  4.1098e+02
 4.7961e+01  4.1098e+02
 4.8077e+01  4.1098e+02
 4.8194e+01  4.1098e+02
 4.8310e+01  4.1098e+02
 4.8426e+01  4.1098e+02
 4.8542e+01  4.1098e+02
 4.8658e+01  4.1098e+02
 4.8774e+01  4.1098e+02
 4.8890e+01  4.1098e+02
 4.9006e+01  4.1098e+02
 4.9123e+01  4.1098e+02
 4.9239e+01  4.1098e+02
 4.9355e+01  4.1098e+02
 4.9471e+01  4.1098e+02
 4.9587e+01  4.1098e+02
 4.9703e+01  4.1098e+02
 4.9819e+01  4.1098e+02
 4.9935e+01  4.1098e+02
 5.0052e+01  4.1098e+02
 5.0168e+01  4.1098e+02
 5.0284e+01  4.1098e+02
 5.0400e+01  4.1098e+02
 5.0516e+01  4.1098e+02
 5.0632e+01  4.1098e+02
 5.0748e+01  4.1098e+02
 5.0865e+01  4.1159e+02
 5.0981e+01  4.1159e+02
 5.1097e+01  4.1098e+02
 5.1213e+01  4.1098e+02
 5.1329e+01  4.1098e+02
 5.1445e+01  4.1098e+02
 5.1561e+01  4.1098e+02
 5.1677e+01  4.1098e+02
 5.1794e+01  4.1098e+02
 5.1910e+01  4.1159e+02
 5.2026e+01  4.1159e+02
 5.2142e+01  4.1159e+02
 5.2258e+01  4.1159e+02
 5.2374e+01  4.1159e+02
 5.2490e+01  4.1159e+02
 5.2606e+01  4.1159e+02
 5.2723e+01  4.1159e+02
 5.2839e+01  4.1159e+02
 5.2955e+01  4.1159e+02
 5.3071e+01  4.1159e+02
 5.3187e+01  4.1159e+02
 5.3303e+01  4.1159e+02
 5.3419e+01  4.1159e+02
 5.3535e+01  4.1159e+02
 5.3652e+01  4.1159e+02
 5.3768e+01  4.1159e+02
 5.3884e+01  4.1159e+02
 5.4000e+01  4.1159e+02
 5.4116e+01  4.1159e+02
 5.4232e+01  4.1159e+02
 5.4348e+01  4.1159e+02
 5.4465e+01  4.1219e+02
 5.4581e+01  4.1219e+02
 5.4697e+01  4.1219e+02
 5.4813e+01  4.1219e+02
 5.4929e+01  4.1219e+02
 5.5045e+01  4.1219e+02
 5.5161e+01  4.1219e+02
 5.5277e+01  4.1219e+02
 5.5394e+01  4.1219e+02
 5.5510e+01  4.1219e+02
 5.5626e+01  4.1219e+02
 5.5742e+01  4.1159e+02
 5.5858e+01  4.1159e+02
 5.5974e+01  4.1219e+02
 5.6090e+01  4.1159e+02
 5.6206e+01  4.1159e+02
 5.6323e+01  4.1159e+02
 5.6439e+01  4.1159e+02
 5.6555e+01  4.1159e+02
 5.6671e+01  4.1098e+02
 5.6787e+01  4.1098e+02
 5.6903e+01  4.1098e+02
 5.7019e+01  4.1098e+02
 5.7135e+01  4.1098e+02
 5.7252e+01  4.1098e+02
 5.7368e+01  4.1098e+02
 5.7484e+01  4.1098e+02
 5.7600e+01  4.1098e+02
 5.7716e+01  4.1098e+02
 5.7832e+01  4.1098e+02
 5.7948e+01  4.1098e+02
 5.8065e+01  4.0978e+02
 5.8181e+01  4.0978e+02
 5.8297e+01  4.0978e+02
 5.8413e+01  4.0857e+02
 5.8529e+01  4.0857e+02
 5.8645e+01  4.0857e+02
 5.8761e+01  4.0857e+02
 5.8877e+01  4.0857e+02
 5.8994e+01  4.0797e+02
 5.9110e+01  4.0797e+02
 5.9226e+01  4.0797e+02
 5.9342e+01  4.0797e+02
 5.9458e+01  4.0736e+02
 5.9574e+01  4.0736e+02
 5.9690e+01  4.0736e+02
 5.9806e+01  4.0736e+02
 5.9923e+01  4.0736e+02
 6.0039e+01  4.0736e+02
 6.0155e+01  4.0736e+02
 6.0271e+01  4.0736e+02
 6.0387e+01  4.0736e+02
 6.0503e+01  4.0736e+02
 6.0619e+01  4.0736e+02
 6.0735e+01  4.0736e+02
 6.0852e+01  4.0736e+02
 6.0968e+01  4.0736e+02
 6.1084e+01  4.0736e+02
 6.1200e+01  4.0736e+02
 6.1316e+01  4.0736e+02
 6.1432e+01  4.0736e+02
 6.1548e+01  4.0736e+02
 6.1665e+01  4.0736e+02
 6.1781e+01  4.0736e+02
 6.1897e+01  4.0616e+02
 6.2013e+01  4.0616e+02
 6.2129e+01  4.0616e+02
 6.2245e+01  4.0616e+02
 6.2361e+01  4.0616e+02
 6.2477e+01  4.0616e+02
 6.2594e+01  4.0555e+02
 6.2710e+01  4.0495e+02
 6.2826e+01  4.0495e+02
 6.2942e+01  4.0495e+02
 6.3058e+01  4.0374e+02
 6.3174e+01  4.0374e+02
 6.3290e+01  4.0314e+02
 6.3406e+01  4.0253e+02
 6.3523e+01  4.0253e+02
 6.3639e+01  4.0133e+02
 6.3755e+01  4.0072e+02
 6.3871e+01  4.0012e+02
 6.3987e+01  4.0012e+02
 6.4103e+01  3.9891e+02
 6.4219e+01  3.9771e+02
 6.4335e+01  3.9650e+02
 6.4452e+01  3.9529e+02
 6.4568e+01  3.9469e+02
 6.4684e+01  3.9409e+02
 6.4800e+01  3.9288e+02
 6.4916e+01  3.9167e+02
 6.5032e+01  3.9167e+02
 6.5148e+01  3.8986e+02
 6.5265e+01  3.8805e+02
 6.5381e+01  3.8564e+02
 6.5497e+01  3.8503e+02
 6.5613e+01  3.8322e+02
 6.5729e+01  3.8202e+02
 6.5845e+01  3.8021e+02
 6.5961e+01  3.7839e+02
 6.6077e+01  3.7598e+02
 6.6194e+01  3.7477e+02
 6.6310e+01  3.7236e+02
 6.6426e+01  3.7115e+02
 6.6542e+01  3.6995e+02
 6.6658e+01  3.6874e+02
 6.6774e+01  3.6753e+02
 6.6890e+01  3.6632e+02
 6.7006e+01  3.6512e+02
 6.7123e+01  3.6391e+02
 6.7239e+01  3.6331e+02
 6.7355e+01  3.6270e+02
 6.7471e+01  3.6270e+02
 6.7587e+01  3.6270e+02
 6.7703e+01  3.6150e+02
 6.7819e+01  3.6150e+02
 6.7935e+01  3.6150e+02
 6.8052e+01  3.6150e+02
 6.8168e+01  3.6150e+02
 6.8284e+01  3.6150e+02
 6.8400e+01  3.6210e+02
 6.8516e+01  3.6210e+02
 6.8632e+01  3.6210e+02
 6.8748e+01  3.6270e+02
 6.8865e+01  3.6270e+02
 6.8981e+01  3.6270e+02
 6.9097e+01  3.6270e+02
 6.9213e+01  3.6270e+02
 6.9329e+01  3.6270e+02
 6.9445e+01  3.6270e+02
 6.9561e+01  3.6270e+02
 6.9677e+01  3.6270e+02
 6.9794e+01  3.6391e+02
 6.9910e+01  3.6391e+02
 7.0026e+01  3.6391e+02
 7.0142e+01  3.6451e+02
 7.0258e+01  3.6512e+02
 7.0374e+01  3.6512e+02
 7.0490e+01  3.6512e+02
 7.0606e+01  3.6512e+02
 7.0723e+01  3.6632e+02
 7.0839e+01  3.6632e+02
 7.0955e+01  3.6632e+02
 7.1071e+01  3.6753e+02
 7.1187e+01  3.6753e+02
 7.1303e+01  3.6814e+02
 7.1419e+01  3.6874e+02
 7.1535e+01  3.6874e+02
 7.1652e+01  3.6934e+02
 7.1768e+01  3.6995e+02
 7.1884e+01  3.6995e+02
 7.2000e+01  3.7055e+02
 7.2116e+01  3.7115e+02
 7.2232e+01  3.7115e+02
 7.2348e+01  3.7115e+02
 7.2465e+01  3.7236e+02
 7.2581e+01  3.7236e+02
 7.2697e+01  3.7236e+02
 7.2813e+01  3.7296e+02
 7.2929e+01  3.7357e+02
 7.3045e+01  3.7357e+02
 7.3161e+01  3.7357e+02
 7.3277e+01  3.7417e+02
 7.3394e+01  3.7417e+02
 7.3510e+01  3.7477e+02
 7.3626e+01  3.7477e+02
 7.3742e+01  3.7477e+02
 7.3858e+01  3.7477e+02
 7.3974e+01  3.7477e+02
 7.4090e+01  3.7477e+02
 7.4206e+01  3.7477e+02
 7.4323e+01  3.7477e+02
 7.4439e+01  3.7477e+02
 7.4555e+01  3.7477e+02
 7.4671e+01  3.7417e+02
 7.4787e+01  3.7357e+02
 7.4903e+01  3.7357e+02
 7.5019e+01  3.7296e+02
 7.5135e+01  3.7236e+02
 7.5252e+01  3.7176e+02
 7.5368e+01  3.7115e+02
 7.5484e+01  3.7055e+02
 7.5600e+01  3.6995e+02
 7.5716e+01  3.6995e+02
 7.5832e+01  3.6874e+02
 7.5948e+01  3.6874e+02
 7.6065e+01  3.6753e+02
 7.6181e+01  3.6753e+02
 7.6297e+01  3.6632e+02
 7.6413e+01  3.6632e+02
 7.6529e+01  3.6572e+02
 7.6645e+01  3.6512e+02
 7.6761e+01  3.6391e+02
 7.6877e+01  3.6391e+02
 7.6994e+01  3.6270e+02
 7.7110e+01  3.6270e+02
 7.7226e+01  3.6150e+02
 7.7342e+01  3.6150e+02
 7.7458e+01  3.6029e+02
 7.7574e+01  3.6029e+02
 7.7690e+01  3.6029e+02
 7.7806e+01  3.5908e+02
 7.7923e+01  3.5848e+02
 7.8039e+01  3.5788e+02
 7.8155e+01  3.5788e+02
 7.8271e+01  3.5667e+02
 7.8387e+01  3.5667e+02
 7.8503e+01  3.5607e+02
 7.8619e+01  3.5546e+02
 7.8735e+01  3.5486e+02
 7.8852e+01  3.5425e+02
 7.8968e+01  3.5365e+02
 7.9084e+01  3.5305e+02
 7.9200e+01  3.5244e+02
 7.9316e+01  3.5184e+02
 7.9432e+01  3.5124e+02
 7.9548e+01  3.5063e+02
 7.9665e+01  3.5003e+02
 7.9781e+01  3.4943e+02
 7.9897e+01  3.4882e+02
 8.0013e+01  3.4822e+02
 8.0129e+01  3.4822e+02
 8.0245e+01  3.4701e+02
 8.0361e+01  3.4701e+02
 8.0477e+01  3.4641e+02
 8.0594e+01  3.4581e+02
 8.0710e+01  3.4520e+02
 8.0826e+01  3.4460e+02
 8.0942e+01  3.4460e+02
 8.1058e+01  3.4400e+02
 8.1174e+01  3.4339e+02
 8.1290e+01  3.4279e+02
 8.1406e+01  3.4218e+02
 8.1523e+01  3.4218e+02
 8.1639e+01  3.4098e+02
 8.1755e+01  3.4098e+02
 8.1871e+01  3.4098e+02
 8.1987e+01  3.3977e+02
 8.2103e+01  3.3977e+02
 8.2219e+01  3.3917e+02
 8.2335e+01  3.3856e+02
 8.2452e+01  3.3796e+02
 8.2568e+01  3.3736e+02
 8.2684e+01  3.3736e+02
 8.2800e+01  3.3736e+02
 8.2916e+01  3.3615e+02
 8.3032e+01  3.3555e+02
 8.3148e+01  3.3494e+02
 8.3265e+01  3.3494e+02
 8.3381e+01  3.3434e+02
 8.3497e+01  3.3374e+02
 8.3613e+01  3.3374e+02
 8.3729e+01  3.3313e+02
 8.3845e+01  3.3253e+02
 8.3961e+01  3.3193e+02
 8.4077e+01  3.3193e+02
 8.4194e+01  3.3132e+02
 8.4310e+01  3.3132e+02
 8.4426e+01  3.3011e+02
 8.4542e+01  3.3011e+02
 8.4658e+01  3.3011e+02
 8.4774e+01  3.2891e+02
 8.4890e+01  3.2891e+02
 8.5006e+01  3.2770e+02
 8.5123e+01  3.2770e+02
 8.5239e+01  3.2770e+02
 8.5355e+01  3.2710e+02
 8.5471e+01  3.2710e+02
 8.5587e+01  3.2649e+02
 8.5703e+01  3.2589e+02
 8.5819e+01  3.2589e+02
 8.5935e+01  3.2529e+02
 8.6052e+01  3.2529e+02
 8.6168e+01  3.2468e+02
 8.6284e+01  3.2468e+02
 8.6400e+01  3.2408e+02
 8.6516e+01  3.2408e+02
 8.6632e+01  3.2348e+02
 8.6748e+01  3.2348e+02
 8.6865e+01  3.2287e+02
 8.6981e+01  3.2287e+02
 8.7097e+01  3.2287e+02
 8.7213e+01  3.2227e+02
 8.7329e+01  3.2227e+02
 8.7445e+01  3.2167e+02
 8.7561e+01  3.2167e+02
 8.7677e+01  3.2167e+02
 8.7794e+01  3.2167e+02
 8.7910e+01  3.2167e+02
 8.8026e+01  3.2167e+02
 8.8142e+01  3.2046e+02
 8.8258e+01  3.2046e+02
 8.8374e+01  3.2046e+02
 8.8490e+01  3.2046e+02
 8.8606e+01  3.2046e+02
 8.8723e+01  3.2046e+02
 8.8839e+01  3.2046e+02
 8.8955e+01  3.2046e+02
 8.9071e+01  3.2046e+02
 8.9187e+01  3.2046e+02
 8.9303e+01  3.2046e+02
 8.9419e+01  3.2046e+02
 8.9535e+01  3.1925e+02
 8.9652e+01  3.1925e+02
 8.9768e+01  3.1925e+02
 8.9884e+01  3.1925e+02
 9.0000e+01  3.1925e+02
 9.0116e+01  3.1925e+02
 9.0232e+01  3.1925e+02
 9.0348e+01  3.1925e+02
 9.0465e+01  3.1865e+02
 9.0581e+01  3.1804e+02
 9.0697e+01  3.1804e+02
 9.0813e+01  3.1804e+02
 9.0929e+01  3.1804e+02
 9.1045e+01  3.1804e+02
 9.1161e+01  3.1744e+02
 9.1277e+01  3.1684e+02
 9.1394e+01  3.1684e+02
 9.1510e+01  3.1623e+02
 9.1626e+01  3.1563e+02
 9.1742e+01  3.1563e+02
 9.1858e+01  3.1563e+02
 9.1974e+01  3.1563e+02
 9.2090e+01  3.1503e+02
 9.2206e+01  3.1442e+02
 9.2323e+01  3.1442e+02
 9.2439e+01  3.1442e+02
 9.2555e+01  3.1442e+02
 9.2671e+01  3.1442e+02
 9.2787e+01  3.1442e+02
 9.2903e+01  3.1442e+02
 9.3019e+01  3.1442e+02
 9.3135e+01  3.1442e+02
 9.3252e+01  3.1322e+02
 9.3368e+01  3.1322e+02
 9.3484e+01  3.1322e+02
 9.3600e+01  3.1322e+02
 9.3716e+01  3.1322e+02
 9.3832e+01  3.1322e+02
 9.3948e+01  3.1322e+02
 9.4065e+01  3.1322e+02
 9.4181e+01  3.1322e+02
 9.4297e+01  3.1322e+02
 9.4413e+01  3.1261e+02
 9.4529e+01  3.1201e+02
 9.4645e+01  3.1201e+02
 9.4761e+01  3.1201e+02
 9.4877e+01  3.1201e+02
 9.4994e+01  3.1201e+02
 9.5110e+01  3.1201e+02
 9.5226e+01  3.1201e+02
 9.5342e+01  3.1201e+02
 9.5458e+01  3.1201e+02
 9.5574e+01  3.1201e+02
 9.5690e+01  3.1201e+02
 9.5806e+01  3.1201e+02
 9.5923e+01  3.1141e+02
 9.6039e+01  3.1080e+02
 9.6155e+01  3.1080e+02
 9.6271e+01  3.1080e+02
 9.6387e+01  3.1080e+02
 9.6503e+01  3.1080e+02
 9.6619e+01  3.1080e+02
 9.6735e+01  3.1080e+02
 9.6852e+01  3.1080e+02
 9.6968e+01  3.1080e+02
 9.7084e+01  3.1080e+02
 9.7200e+01  3.1080e+02
 9.7316e+01  3.1080e+02
 9.7432e+01  3.1080e+02
 9.7548e+01  3.1080e+02
 9.7665e+01  3.1080e+02
 9.7781e+01  3.1080e+02
 9.7897e+01  3.1080e+02
 9.8013e+01  3.1080e+02
 9.8129e+01  3.1080e+02
 9.8245e+01  3.1080e+02
 9.8361e+01  3.1080e+02
 9.8477e+01  3.1080e+02
 9.8594e+01  3.1080e+02
 9.8710e+01  3.1080e+02
 9.8826e+01  3.1080e+02
 9.8942e+01  3.1080e+02
 9.9058e+01  3.1080e+02
 9.9174e+01  3.1141e+02
 9.9290e+01  3.1141e+02
 9.9406e+01  3.1141e+02
 9.9523e+01  3.1080e+02
 9.9639e+01  3.1080e+02
 9.9755e+01  3.1080e+02
 9.9871e+01  3.1080e+02
 9.9987e+01  3.1080e+02
 1.0010e+02  3.1080e+02
 1.0022e+02  3.1080e+02
 1.0034e+02  3.1080e+02
 1.0045e+02  3.1080e+02
 1.0057e+02  3.1080e+02
 1.0068e+02  3.1080e+02
 1.0080e+02  3.1080e+02
 1.0092e+02  3.1080e+02
 1.0103e+02  3.1080e+02
 1.0115e+02  3.1080e+02
 1.0126e+02  3.1080e+02
 1.0138e+02  3.1080e+02
 1.0150e+02  3.1080e+02
 1.0161e+02  3.1080e+02
 1.0173e+02  3.1080e+02
 1.0185e+02  3.1080e+02
 1.0196e+02  3.1080e+02
 1.0208e+02  3.1080e+02
 1.0219e+02  3.1080e+02
 1.0231e+02  3.1080e+02
 1.0243e+02  3.1080e+02
 1.0254e+02  3.1080e+02
 1.0266e+02  3.1080e+02
 1.0277e+02  3.1080e+02
 1.0289e+02  3.1080e+02
 1.0301e+02  3.1080e+02
 1.0312e+02  3.1080e+02
 1.0324e+02  3.1080e+02
 1.0335e+02  3.1080e+02
 1.0347e+02  3.1080e+02
 1.0359e+02  3.1080e+02
 1.0370e+02  3.1080e+02
 1.0382e+02  3.1080e+02
 1.0394e+02  3.1080e+02
 1.0405e+02  3.1080e+02
 1.0417e+02  3.1080e+02
 1.0428e+02  3.1080e+02
 1.0440e+02  3.1080e+02
 1.0452e+02  3.1080e+02
 1.0463e+02  3.1080e+02
 1.0475e+02  3.1080e+02
 1.0486e+02  3.1080e+02
 1.0498e+02  3.1080e+02
 1.0510e+02  3.1080e+02
 1.0521e+02  3.1080e+02
 1.0533e+02  3.1080e+02
 1.0545e+02  3.1080e+02
 1.0556e+02  3.1080e+02
 1.0568e+02  3.1080e+02
 1.0579e+02  3.1080e+02
 1.0591e+02  3.1080e+02
 1.0603e+02  3.1080e+02
 1.0614e+02  3.1080e+02
 1.0626e+02  3.1080e+02
 1.0637e+02  3.1080e+02
 1.0649e+02  3.1080e+02
 1.0661e+02  3.1080e+02
 1.0672e+02  3.1080e+02
 1.0684e+02  3.1080e+02
 1.0695e+02  3.1080e+02
 1.0707e+02  3.1080e+02
 1.0719e+02  3.1080e+02
 1.0730e+02  3.1080e+02
 1.0742e+02  3.1080e+02
 1.0754e+02  3.1080e+02
 1.0765e+02  3.1080e+02
 1.0777e+02  3.1080e+02
 1.0788e+02  3.1080e+02
 1.0800e+02  3.1201e+02
 1.0812e+02  3.1201e+02
 1.0823e+02  3.1201e+02
 1.0835e+02  3.1141e+02
 1.0846e+02  3.1141e+02
 1.0858e+02  3.1201e+02
 1.0870e+02  3.1201e+02
 1.0881e+02  3.1201e+02
 1.0893e+02  3.1201e+02
 1.0905e+02  3.1201e+02
 1.0916e+02  3.1201e+02
 1.0928e+02  3.1201e+02
 1.0939e+02  3.1201e+02
 1.0951e+02  3.1201e+02
 1.0963e+02  3.1201e+02
 1.0974e+02  3.1201e+02
 1.0986e+02  3.1201e+02
 1.0997e+02  3.1201e+02
 1.1009e+02  3.1261e+02
 1.1021e+02  3.1322e+02
 1.1032e+02  3.1322e+02
 1.1044e+02  3.1322e+02
 1.1055e+02  3.1322e+02
 1.1067e+02  3.1322e+02
 1.1079e+02  3.1322e+02
 1.1090e+02  3.1322e+02
 1.1102e+02  3.1322e+02
 1.1114e+02  3.1322e+02
 1.1125e+02  3.1322e+02
 1.1137e+02  3.1322e+02
 1.1148e+02  3.1442e+02
 1.1160e+02  3.1442e+02
 1.1172e+02  3.1442e+02
 1.1183e+02  3.1442e+02
 1.1195e+02  3.1442e+02
 1.1206e+02  3.1442e+02
 1.1218e+02  3.1442e+02
 1.1230e+02  3.1442e+02
 1.1241e+02  3.1442e+02
 1.1253e+02  3.1442e+02
 1.1265e+02  3.1503e+02
 1.1276e+02  3.1503e+02
 1.1288e+02  3.1563e+02
 1.1299e+02  3.1563e+02
 1.1311e+02  3.1563e+02
 1.1323e+02  3.1563e+02
 1.1334e+02  3.1563e+02
 1.1346e+02  3.1563e+02
 1.1357e+02  3.1563e+02
 1.1369e+02  3.1684e+02
 1.1381e+02  3.1684e+02
 1.1392e+02  3.1684e+02
 1.1404e+02  3.1684e+02
 1.1415e+02  3.1684e+02
 1.1427e+02  3.1684e+02
 1.1439e+02  3.1684e+02
 1.1450e+02  3.1684e+02
 1.1462e+02  3.1744e+02
 1.1474e+02  3.1744e+02
 1.1485e+02  3.1804e+02
 1.1497e+02  3.1804e+02
 1.1508e+02  3.1804e+02
 1.1520e+02  3.1804e+02
 1.1532e+02  3.1804e+02
 1.1543e+02  3.1804e+02
 1.1555e+02  3.1804e+02
 1.1566e+02  3.1804e+02
 1.1578e+02  3.1804e+02
 1.1590e+02  3.1865e+02
 1.1601e+02  3.1865e+02
 1.1613e+02  3.1925e+02
 1.1625e+02  3.1925e+02
 1.1636e+02  3.1925e+02
 1.1648e+02  3.1925e+02
 1.1659e+02  3.1925e+02
 1.1671e+02  3.1925e+02
 1.1683e+02  3.2046e+02
 1.1694e+02  3.2046e+02
 1.1706e+02  3.2046e+02
 1.1717e+02  3.2046e+02
 1.1729e+02  3.2046e+02
 1.1741e+02  3.2046e+02
 1.1752e+02  3.2046e+02
 1.1764e+02  3.2046e+02
 1.1775e+02  3.2106e+02
 1.1787e+02  3.2167e+02
 1.1799e+02  3.2167e+02
 1.1810e+02  3.2167e+02
 1.1822e+02  3.2167e+02
 1.1834e+02  3.2167e+02
 1.1845e+02  3.2167e+02
 1.1857e+02  3.2167e+02
 1.1868e+02  3.2227e+02
 1.1880e+02  3.2287e+02
 1.1892e+02  3.2287e+02
 1.1903e+02  3.2287e+02
 1.1915e+02  3.2348e+02
 1.1926e+02  3.2348e+02
 1.1938e+02  3.2348e+02
 1.1950e+02  3.2408e+02
 1.1961e+02  3.2408e+02
 1.1973e+02  3.2408e+02
 1.1985e+02  3.2468e+02
 1.1996e+02  3.2529e+02
 1.2008e+02  3.2529e+02
 1.2019e+02  3.2529e+02
 1.2031e+02  3.2529e+02
 1.2043e+02  3.2589e+02
 1.2054e+02  3.2649e+02
 1.2066e+02  3.2649e+02
 1.2077e+02  3.2649e+02
 1.2089e+02  3.2649e+02
 1.2101e+02  3.2649e+02
 1.2112e+02  3.2710e+02
 1.2124e+02  3.2770e+02
 1.2135e+02  3.2770e+02
 1.2147e+02  3.2770e+02
 1.2159e+02  3.2770e+02
 1.2170e+02  3.2830e+02
 1.2182e+02  3.2830e+02
 1.2194e+02  3.2891e+02
 1.2205e+02  3.2891e+02
 1.2217e+02  3.2891e+02
 1.2228e+02  3.2951e+02
 1.2240e+02  3.3011e+02
 1.2252e+02  3.3011e+02
 1.2263e+02  3.3011e+02
 1.2275e+02  3.3072e+02
 1.2286e+02  3.3132e+02
 1.2298e+02  3.3132e+02
 1.2310e+02  3.3193e+02
 1.2321e+02  3.3193e+02
 1.2333e+02  3.3253e+02
 1.2345e+02  3.3253e+02
 1.2356e+02  3.3253e+02
 1.2368e+02  3.3253e+02
 1.2379e+02  3.3313e+02
 1.2391e+02  3.3313e+02
 1.2403e+02  3.3374e+02
 1.2414e+02  3.3374e+02
 1.2426e+02  3.3374e+02
 1.2437e+02  3.3434e+02
 1.2449e+02  3.3494e+02
 1.2461e+02  3.3494e+02
 1.2472e+02  3.3494e+02
 1.2484e+02  3.3555e+02
 1.2495e+02  3.3615e+02
 1.2507e+02  3.3615e+02
 1.2519e+02  3.3615e+02
 1.2530e+02  3.3615e+02
 1.2542e+02  3.3675e+02
 1.2554e+02  3.3736e+02
 1.2565e+02  3.3736e+02
 1.2577e+02  3.3736e+02
 1.2588e+02  3.3856e+02
 1.2600e+02  3.3856e+02
 1.2612e+02  3.3856e+02
 1.2623e+02  3.3856e+02
 1.2635e+02  3.3856e+02
 1.2646e+02  3.3977e+02
 1.2658e+02  3.3977e+02
 1.2670e+02  3.3977e+02
 1.2681e+02  3.3977e+02
 1.2693e+02  3.3977e+02
 1.2705e+02  3.3977e+02
 1.2716e+02  3.4037e+02
 1.2728e+02  3.4098e+02
 1.2739e+02  3.4098e+02
 1.2751e+02  3.4098e+02
 1.2763e+02  3.4098e+02
 1.2774e+02  3.4158e+02
 1.2786e+02  3.4218e+02
 1.2797e+02  3.4218e+02
 1.2809e+02  3.4218e+02
 1.2821e+02  3.4218e+02
 1.2832e+02  3.4279e+02
 1.2844e+02  3.4279e+02
 1.2855e+02  3.4339e+02
 1.2867e+02  3.4339e+02
 1.2879e+02  3.4400e+02
 1.2890e+02  3.4400e+02
 1.2902e+02  3.4460e+02
 1.2914e+02  3.4460e+02
 1.2925e+02  3.4520e+02
 1.2937e+02  3.4581e+02
 1.2948e+02  3.4581e+02
 1.2960e+02  3.4581e+02
 1.2972e+02  3.4641e+02
 1.2983e+02  3.4701e+02
 1.2995e+02  3.4701e+02
 1.3006e+02  3.4701e+02
 1.3018e+02  3.4762e+02
 1.3030e+02  3.4762e+02
 1.3041e+02  3.4822e+02
 1.3053e+02  3.4882e+02
 1.3065e+02  3.4882e+02
 1.3076e+02  3.4943e+02
 1.3088e+02  3.4943e+02
 1.3099e+02  3.5003e+02
 1.3111e+02  3.5063e+02
 1.3123e+02  3.5124e+02
 1.3134e+02  3.5124e+02
 1.3146e+02  3.5184e+02
 1.3157e+02  3.5305e+02
 1.3169e+02  3.5305e+02
 1.3181e+02  3.5365e+02
 1.3192e+02  3.5425e+02
 1.3204e+02  3.5486e+02
 1.3215e+02  3.5546e+02
 1.3227e+02  3.5546e+02
 1.3239e+02  3.5607e+02
 1.3250e+02  3.5667e+02
 1.3262e+02  3.5667e+02
 1.3274e+02  3.5788e+02
 1.3285e+02  3.5788e+02
 1.3297e+02  3.5848e+02
 1.3308e+02  3.5908e+02
 1.3320e+02  3.5969e+02
 1.3332e+02  3.6029e+02
 1.3343e+02  3.6029e+02
 1.3355e+02  3.6150e+02
 1.3366e+02  3.6150e+02
 1.3378e+02  3.6210e+02
 1.3390e+02  3.6270e+02
 1.3401e+02  3.6270e+02
 1.3413e+02  3.6270e+02
 1.3425e+02  3.6391e+02
 1.3436e+02  3.6391e+02
 1.3448e+02  3.6451e+02
 1.3459e+02  3.6512e+02
 1.3471e+02  3.6512e+02
 1.3483e+02  3.6632e+02
 1.3494e+02  3.6632e+02
 1.3506e+02  3.6632e+02
 1.3517e+02  3.6693e+02
 1.3529e+02  3.6753e+02
 1.3541e+02  3.6814e+02
 1.3552e+02  3.6874e+02
 1.3564e+02  3.6874e+02
 1.3575e+02  3.6995e+02
 1.3587e+02  3.6995e+02
 1.3599e+02  3.7055e+02
 1.3610e+02  3.7115e+02
 1.3622e+02  3.7115e+02
 1.3634e+02  3.7236e+02
 1.3645e+02  3.7236e+02
 1.3657e+02  3.7296e+02
 1.3668e+02  3.7357e+02
 1.3680e+02  3.7417e+02
 1.3692e+02  3.7417e+02
 1.3703e+02  3.7477e+02
 1.3715e+02  3.7477e+02
 1.3726e+02  3.7598e+02
 1.3738e+02  3.7598e+02
 1.3750e+02  3.7719e+02
 1.3761e+02  3.7719e+02
 1.3773e+02  3.7779e+02
 1.3785e+02  3.7839e+02
 1.3796e+02  3.7839e+02
 1.3808e+02  3.7900e+02
 1.3819e+02  3.7960e+02
 1.3831e+02  3.8021e+02
 1.3843e+02  3.8081e+02
 1.3854e+02  3.8081e+02
 1.3866e+02  3.8202e+02
 1.3877e+02  3.8202e+02
 1.3889e+02  3.8322e+02
 1.3901e+02  3.8322e+02
 1.3912e+02  3.8443e+02
 1.3924e+02  3.8443e+02
 1.3935e+02  3.8503e+02
 1.3947e+02  3.8564e+02
 1.3959e+02  3.8564e+02
 1.3970e+02  3.8684e+02
 1.3982e+02  3.8684e+02
 1.3994e+02  3.8805e+02
 1.4005e+02  3.8805e+02
 1.4017e+02  3.8865e+02
 1.4028e+02  3.8926e+02
 1.4040e+02  3.8926e+02
 1.4052e+02  3.9046e+02
 1.4063e+02  3.9046e+02
 1.4075e+02  3.9167e+02
 1.4086e+02  3.9167e+02
 1.4098e+02  3.9228e+02
 1.4110e+02  3.9288e+02
 1.4121e+02  3.9288e+02
 1.4133e+02  3.9409e+02
 1.4145e+02  3.9409e+02
 1.4156e+02  3.9529e+02
 1.4168e+02  3.9529e+02
 1.4179e+02  3.9590e+02
 1.4191e+02  3.9650e+02
 1.4203e+02  3.9650e+02
 1.4214e+02  3.9771e+02
 1.4226e+02  3.9771e+02
 1.4237e+02  3.9891e+02
 1.4249e+02  3.9891e+02
 1.4261e+02  3.9891e+02
 1.4272e+02  4.0012e+02
 1.4284e+02  4.0012e+02
 1.4295e+02  4.0072e+02
 1.4307e+02  4.0133e+02
 1.4319e+02  4.0193e+02
 1.4330e+02  4.0253e+02
 1.4342e+02  4.0253e+02
 1.4354e+02  4.0314e+02
 1.4365e+02  4.0374e+02
 1.4377e+02  4.0374e+02
 1.4388e+02  4.0495e+02
 1.4400e+02  4.0555e+02
 1.4412e+02  4.0616e+02
 1.4423e+02  4.0616e+02
 1.4435e+02  4.0736e+02
 1.4446e+02  4.0736e+02
 1.4458e+02  4.0857e+02
 1.4470e+02  4.0857e+02
 1.4481e+02  4.0978e+02
 1.4493e+02  4.0978e+02
 1.4505e+02  4.1098e+02
 1.4516e+02  4.1159e+02
 1.4528e+02  4.1219e+02
 1.4539e+02  4.1279e+02
 1.4551e+02  4.1340e+02
 1.4563e+02  4.1460e+02
 1.4574e+02  4.1521e+02
 1.4586e+02  4.1581e+02
 1.4597e+02  4.1642e+02
 1.4609e+02  4.1702e+02
 1.4621e+02  4.1823e+02
 1.4632e+02  4.1823e+02
 1.4644e+02  4.1943e+02
 1.4655e+02  4.2004e+02
 1.4667e+02  4.2064e+02
 1.4679e+02  4.2064e+02
 1.4690e+02  4.2185e+02
 1.4702e+02  4.2245e+02
 1.4714e+02  4.2305e+02
 1.4725e+02  4.2366e+02
 1.4737e+02  4.2426e+02
 1.4748e+02  4.2547e+02
 1.4760e+02  4.2607e+02
 1.4772e+02  4.2667e+02
 1.4783e+02  4.2728e+02
 1.4795e+02  4.2788e+02
 1.4806e+02  4.2909e+02
 1.4818e+02  4.2909e+02
 1.4830e+02  4.3030e+02
 1.4841e+02  4.3090e+02
 1.4853e+02  4.3150e+02
 1.4865e+02  4.3271e+02
 1.4876e+02  4.3331e+02
 1.4888e+02  4.3392e+02
 1.4899e+02  4.3452e+02
 1.4911e+02  4.3512e+02
 1.4923e+02  4.3633e+02
 1.4934e+02  4.3693e+02
 1.4946e+02  4.3754e+02
 1.4957e+02  4.3814e+02
 1.4969e+02  4.3874e+02
 1.4981e+02  4.3995e+02
 1.4992e+02  4.4056e+02
 1.5004e+02  4.4176e+02
 1.5015e+02  4.4237e+02
 1.5027e+02  4.4357e+02
 1.5039e+02  4.4418e+02
 1.5050e+02  4.4478e+02
 1.5062e+02  4.4599e+02
 1.5074e+02  4.4599e+02
 1.5085e+02  4.4719e+02
 1.5097e+02  4.4780e+02
 1.5108e+02  4.4840e+02
 1.5120e+02  4.4961e+02
 1.5132e+02  4.5081e+02
 1.5143e+02  4.5081e+02
 1.5155e+02  4.5202e+02
 1.5166e+02  4.5323e+02
 1.5178e+02  4.5323e+02
 1.5190e+02  4.5444e+02
 1.5201e+02  4.5564e+02
 1.5213e+02  4.5685e+02
 1.5225e+02  4.5685e+02
 1.5236e+02  4.5806e+02
 1.5248e+02  4.5926e+02
 1.5259e+02  4.5926e+02
 1.5271e+02  4.6047e+02
 1.5283e+02  4.6047e+02
 1.5294e+02  4.6228e+02
 1.5306e+02  4.6288e+02
 1.5317e+02  4.6409e+02
 1.5329e+02  4.6409e+02
 1.5341e+02  4.6530e+02
 1.5352e+02  4.6651e+02
 1.5364e+02  4.6711e+02
 1.5375e+02  4.6832e+02
 1.5387e+02  4.6892e+02
 1.5399e+02  4.6952e+02
 1.5410e+02  4.7013e+02
 1.5422e+02  4.7133e+02
 1.5434e+02  4.7254e+02
 1.5445e+02  4.7375e+02
 1.5457e+02  4.7375e+02
 1.5468e+02  4.7556e+02
 1.5480e+02  4.7616e+02
 1.5492e+02  4.7737e+02
 1.5503e+02  4.7858e+02
 1.5515e+02  4.7978e+02
 1.5526e+02  4.8099e+02
 1.5538e+02  4.8220e+02
 1.5550e+02  4.8340e+02
 1.5561e+02  4.8461e+02
 1.5573e+02  4.8582e+02
 1.5585e+02  4.8702e+02
 1.5596e+02  4.8702e+02
 1.5608e+02  4.8884e+02
 1.5619e+02  4.9004e+02
 1.5631e+02  4.9065e+02
 1.5643e+02  4.9185e+02
 1.5654e+02  4.9306e+02
 1.5666e+02  4.9427e+02
 1.5677e+02  4.9547e+02
 1.5689e+02  4.9668e+02
 1.5701e+02  4.9789e+02
 1.5712e+02  4.9849e+02
 1.5724e+02  4.9909e+02
 1.5735e+02  5.0030e+02
 1.5747e+02  5.0151e+02
 1.5759e+02  5.0272e+02
 1.5770e+02  5.0392e+02
 1.5782e+02  5.0513e+02
 1.5794e+02  5.0634e+02
 1.5805e+02  5.0754e+02
 1.5817e+02  5.0815e+02
 1.5828e+02  5.0935e+02
 1.5840e+02  5.0996e+02
 1.5852e+02  5.1116e+02
 1.5863e+02  5.1237e+02
 1.5875e+02  5.1358e+02
 1.5886e+02  5.1418e+02
 1.5898e+02  5.1479e+02
 1.5910e+02  5.1599e+02
 1.5921e+02  5.1780e+02
 1.5933e+02  5.1841e+02
 1.5945e+02  5.1961e+02
 1.5956e+02  5.2082e+02
 1.5968e+02  5.2142e+02
 1.5979e+02  5.2203e+02
 1.5991e+02  5.2323e+02
 1.6003e+02  5.2384e+02
 1.6014e+02  5.2565e+02
 1.6026e+02  5.2565e+02
 1.6037e+02  5.2686e+02
 1.6049e+02  5.2806e+02
 1.6061e+02  5.2927e+02
 1.6072e+02  5.2987e+02
 1.6084e+02  5.3048e+02
 1.6095e+02  5.3168e+02
 1.6107e+02  5.3289e+02
 1.6119e+02  5.3289e+02
 1.6130e+02  5.3410e+02
 1.6142e+02  5.3470e+02
 1.6154e+02  5.3591e+02
 1.6165e+02  5.3651e+02
 1.6177e+02  5.3772e+02
 1.6188e+02  5.3772e+02
 1.6200e+02  5.3953e+02
 1.6212e+02  5.4013e+02
 1.6223e+02  5.4013e+02
 1.6235e+02  5.4134e+02
 1.6246e+02  5.4255e+02
 1.6258e+02  5.4375e+02
 1.6270e+02  5.4375e+02
 1.6281e+02  5.4496e+02
 1.6293e+02  5.4556e+02
 1.6305e+02  5.4617e+02
 1.6316e+02  5.4737e+02
 1.6328e+02  5.4737e+02
 1.6339e+02  5.4858e+02
 1.6351e+02  5.4979e+02
 1.6363e+02  5.5039e+02
 1.6374e+02  5.5100e+02
 1.6386e+02  5.5160e+02
 1.6397e+02  5.5220e+02
 1.6409e+02  5.5281e+02
 1.6421e+02  5.5341e+02
 1.6432e+02  5.5462e+02
 1.6444e+02  5.5522e+02
 1.6455e+02  5.5582e+02
 1.6467e+02  5.5643e+02
 1.6479e+02  5.5703e+02
 1.6490e+02  5.5763e+02
 1.6502e+02  5.5824e+02
 1.6514e+02  5.5944e+02
 1.6525e+02  5.5944e+02
 1.6537e+02  5.6065e+02
 1.6548e+02  5.6186e+02
 1.6560e+02  5.6186e+02
 1.6572e+02  5.6307e+02
 1.6583e+02  5.6367e+02
 1.6595e+02  5.6488e+02
 1.6606e+02  5.6488e+02
 1.6618e+02  5.6548e+02
 1.6630e+02  5.6669e+02
 1.6641e+02  5.6789e+02
 1.6653e+02  5.6850e+02
 1.6665e+02  5.6910e+02
 1.6676e+02  5.6970e+02
 1.6688e+02  5.7031e+02
 1.6699e+02  5.7151e+02
 1.6711e+02  5.7151e+02
 1.6723e+02  5.7272e+02
 1.6734e+02  5.7393e+02
 1.6746e+02  5.7393e+02
 1.6757e+02  5.7514e+02
 1.6769e+02  5.7574e+02
 1.6781e+02  5.7634e+02
 1.6792e+02  5.7695e+02
 1.6804e+02  5.7755e+02
 1.6815e+02  5.7876e+02
 1.6827e+02  5.7876e+02
 1.6839e+02  5.7996e+02
 1.6850e+02  5.8117e+02
 1.6862e+02  5.8238e+02
 1.6874e+02  5.8238e+02
 1.6885e+02  5.8358e+02
 1.6897e+02  5.8479e+02
 1.6908e+02  5.8540e+02
 1.6920e+02  5.8600e+02
 1.6932e+02  5.8660e+02
 1.6943e+02  5.8781e+02
 1.6955e+02  5.8841e+02
 1.6966e+02  5.8902e+02
 1.6978e+02  5.8962e+02
 1.6990e+02  5.9022e+02
 1.7001e+02  5.9083e+02
 1.7013e+02  5.9203e+02
 1.7025e+02  5.9264e+02
 1.7036e+02  5.9324e+02
 1.7048e+02  5.9324e+02
 1.7059e+02  5.9445e+02
 1.7071e+02  5.9445e+02
 1.7083e+02  5.9505e+02
 1.7094e+02  5.9565e+02
 1.7106e+02  5.9565e+02
 1.7117e+02  5.9686e+02
 1.7129e+02  5.9686e+02
 1.7141e+02  5.9807e+02
 1.7152e+02  5.9807e+02
 1.7164e+02  5.9867e+02
 1.7175e+02  5.9928e+02
 1.7187e+02  5.9988e+02
 1.7199e+02  6.0048e+02
 1.7210e+02  6.0109e+02
 1.7222e+02  6.0169e+02
 1.7234e+02  6.0169e+02
 1.7245e+02  6.0229e+02
 1.7257e+02  6.0290e+02
 1.7268e+02  6.0290e+02
 1.7280e+02  6.0410e+02
 1.7292e+02  6.0410e+02
 1.7303e+02  6.0471e+02
 1.7315e+02  6.0531e+02
 1.7326e+02  6.0531e+02
 1.7338e+02  6.0591e+02
 1.7350e+02  6.0652e+02
 1.7361e+02  6.0652e+02
 1.7373e+02  6.0712e+02
 1.7385e+02  6.0772e+02
 1.7396e+02  6.0772e+02
 1.7408e+02  6.0772e+02
 1.7419e+02  6.0833e+02
 1.7431e+02  6.0893e+02
 1.7443e+02  6.0893e+02
 1.7454e+02  6.0893e+02
 1.7466e+02  6.0893e+02
 1.7477e+02  6.0893e+02
 1.7489e+02  6.0954e+02
 1.7501e+02  6.1014e+02
 1.7512e+02  6.1014e+02
 1.7524e+02  6.1014e+02
 1.7535e+02  6.1014e+02
 1.7547e+02  6.1014e+02
 1.7559e+02  6.1014e+02
 1.7570e+02  6.1014e+02
 1.7582e+02  6.1014e+02
 1.7594e+02  6.1014e+02
 1.7605e+02  6.1014e+02
 1.7617e+02  6.1014e+02
 1.7628e+02  6.1014e+02
 1.7640e+02  6.1014e+02
 1.7652e+02  6.0954e+02
 1.7663e+02  6.0893e+02
 1.7675e+02  6.0893e+02
 1.7686e+02  6.0833e+02
 1.7698e+02  6.0712e+02
 1.7710e+02  6.0652e+02
 1.7721e+02  6.0531e+02
 1.7733e+02  6.0410e+02
 1.7745e+02  6.0290e+02
 1.7756e+02  6.0169e+02
 1.7768e+02  5.9988e+02
 1.7779e+02  5.9867e+02
 1.7791e+02  5.9686e+02
 1.7803e+02  5.9565e+02
 1.7814e+02  5.9445e+02
 1.7826e+02  5.9384e+02
 1.7837e+02  5.9324e+02
 1.7849e+02  5.9324e+02
 1.7861e+02  5.9324e+02
 1.7872e+02  5.9324e+02
 1.7884e+02  5.9324e+02
 1.7895e+02  5.9384e+02
 1.7907e+02  5.9384e+02
 1.7919e+02  5.9445e+02
 1.7930e+02  5.9445e+02
 1.7942e+02  5.9505e+02
 1.7954e+02  5.9565e+02
 1.7965e+02  5.9565e+02
 1.7977e+02  5.9686e+02
 1.7988e+02  5.9747e+02
 1.8000e+02  5.9807e+02
 1.8012e+02  5.9928e+02
 1.8023e+02  6.0048e+02
 1.8035e+02  6.0169e+02
 1.8046e+02  6.0229e+02
 1.8058e+02  6.0350e+02
 1.8070e+02  6.0531e+02
 1.8081e+02  6.0652e+02
 1.8093e+02  6.0772e+02
 1.8105e+02  6.0772e+02
 1.8116e+02  6.0893e+02
 1.8128e+02  6.1014e+02
 1.8139e+02  6.1135e+02
 1.8151e+02  6.1195e+02
 1.8163e+02  6.1255e+02
 1.8174e+02  6.1316e+02
 1.8186e+02  6.1376e+02
 1.8197e+02  6.1436e+02
 1.8209e+02  6.1497e+02
 1.8221e+02  6.1497e+02
 1.8232e+02  6.1617e+02
 1.8244e+02  6.1617e+02
 1.8255e+02  6.1738e+02
 1.8267e+02  6.1738e+02
 1.8279e+02  6.1859e+02
 1.8290e+02  6.1859e+02
 1.8302e+02  6.1979e+02
 1.8314e+02  6.1979e+02
 1.8325e+02  6.2040e+02
 1.8337e+02  6.2100e+02
 1.8348e+02  6.2100e+02
 1.8360e+02  6.2100e+02
 1.8372e+02  6.2221e+02
 1.8383e+02  6.2221e+02
 1.8395e+02  6.2221e+02
 1.8406e+02  6.2281e+02
 1.8418e+02  6.2342e+02
 1.8430e+02  6.2342e+02
 1.8441e+02  6.2342e+02
 1.8453e+02  6.2462e+02
 1.8465e+02  6.2462e+02
 1.8476e+02  6.2523e+02
 1.8488e+02  6.2583e+02
 1.8499e+02  6.2643e+02
 1.8511e+02  6.2643e+02
 1.8523e+02  6.2704e+02
 1.8534e+02  6.2764e+02
 1.8546e+02  6.2764e+02
 1.8557e+02  6.2824e+02
 1.8569e+02  6.2885e+02
 1.8581e+02  6.2945e+02
 1.8592e+02  6.2945e+02
 1.8604e+02  6.3066e+02
 1.8615e+02  6.3066e+02
 1.8627e+02  6.3186e+02
 1.8639e+02  6.3186e+02
 1.8650e+02  6.3247e+02
 1.8662e+02  6.3307e+02
 1.8674e+02  6.3428e+02
 1.8685e+02  6.3428e+02
 1.8697e+02  6.3549e+02
 1.8708e+02  6.3549e+02
 1.8720e+02  6.3669e+02
 1.8732e+02  6.3730e+02
 1.8743e+02  6.3790e+02
 1.8755e+02  6.3911e+02
 1.8766e+02  6.3911e+02
 1.8778e+02  6.4031e+02
 1.8790e+02  6.4152e+02
 1.8801e+02  6.4273e+02
 1.8813e+02  6.4273e+02
 1.8825e+02  6.4393e+02
 1.8836e+02  6.4635e+02
 1.8848e+02  6.4635e+02
 1.8859e+02  6.4876e+02
 1.8871e+02  6.4997e+02
 1.8883e+02  6.5118e+02
 1.8894e+02  6.5359e+02
 1.8906e+02  6.5540e+02
 1.8917e+02  6.5721e+02
 1.8929e+02  6.5963e+02
 1.8941e+02  6.6264e+02
 1.8952e+02  6.6445e+02
 1.8964e+02  6.6807e+02
 1.8975e+02  6.6928e+02
 1.8987e+02  6.7170e+02
 1.8999e+02  6.7351e+02
 1.9010e+02  6.7652e+02
 1.9022e+02  6.7894e+02
 1.9034e+02  6.7954e+02
 1.9045e+02  6.8075e+02
 1.9057e+02  6.8135e+02
 1.9068e+02  6.8256e+02
 1.9080e+02  6.8377e+02
 1.9092e+02  6.8377e+02
 1.9103e+02  6.8497e+02
 1.9115e+02  6.8497e+02
 1.9126e+02  6.8558e+02
 1.9138e+02  6.8618e+02
 1.9150e+02  6.8618e+02
 1.9161e+02  6.8618e+02
 1.9173e+02  6.8618e+02
 1.9185e+02  6.8618e+02
 1.9196e+02  6.8618e+02
 1.9208e+02  6.8497e+02
 1.9219e+02  6.8497e+02
 1.9231e+02  6.8497e+02
 1.9243e+02  6.8497e+02
 1.9254e+02  6.8497e+02
 1.9266e+02  6.8437e+02
 1.9277e+02  6.8377e+02
 1.9289e+02  6.8377e+02
 1.9301e+02  6.8377e+02
 1.9312e+02  6.8377e+02
 1.9324e+02  6.8316e+02
 1.9335e+02  6.8316e+02
 1.9347e+02  6.8256e+02
 1.9359e+02  6.8256e+02
 1.9370e+02  6.8256e+02
 1.9382e+02  6.8256e+02
 1.9394e+02  6.8196e+02
 1.9405e+02  6.8196e+02
 1.9417e+02  6.8135e+02
 1.9428e+02  6.8135e+02
 1.9440e+02  6.8135e+02
 1.9452e+02  6.8135e+02
 1.9463e+02  6.8135e+02
 1.9475e+02  6.8135e+02
 1.9486e+02  6.8196e+02
 1.9498e+02  6.8256e+02
 1.9510e+02  6.8256e+02
 1.9521e+02  6.8256e+02
 1.9533e+02  6.8256e+02
 1.9545e+02  6.8316e+02
 1.9556e+02  6.8316e+02
 1.9568e+02  6.8316e+02
 1.9579e+02  6.8377e+02
 1.9591e+02  6.8377e+02
 1.9603e+02  6.8497e+02
 1.9614e+02  6.8497e+02
 1.9626e+02  6.8497e+02
 1.9637e+02  6.8618e+02
 1.9649e+02  6.8618e+02
 1.9661e+02  6.8678e+02
 1.9672e+02  6.8739e+02
 1.9684e+02  6.8799e+02
 1.9695e+02  6.8859e+02
 1.9707e+02  6.8859e+02
 1.9719e+02  6.8920e+02
 1.9730e+02  6.8920e+02
 1.9742e+02  6.8980e+02
 1.9754e+02  6.8980e+02
 1.9765e+02  6.9040e+02
 1.9777e+02  6.9040e+02
 1.9788e+02  6.9101e+02
 1.9800e+02  6.9161e+02
 1.9812e+02  6.9161e+02
 1.9823e+02  6.9221e+02
 1.9835e+02  6.9221e+02
 1.9846e+02  6.9221e+02
 1.9858e+02  6.9221e+02
 1.9870e+02  6.9221e+02
 1.9881e+02  6.9221e+02
 1.9893e+02  6.9342e+02
 1.9905e+02  6.9342e+02
 1.9916e+02  6.9342e+02
 1.9928e+02  6.9342e+02
 1.9939e+02  6.9342e+02
 1.9951e+02  6.9403e+02
 1.9963e+02  6.9463e+02
 1.9974e+02  6.9463e+02
 1.9986e+02  6.9463e+02
 1.9997e+02  6.9523e+02
 2.0009e+02  6.9584e+02
 2.0021e+02  6.9584e+02
 2.0032e+02  6.9644e+02
 2.0044e+02  6.9704e+02
 2.0055e+02  6.9704e+02
 2.0067e+02  6.9765e+02
 2.0079e+02  6.9825e+02
 2.0090e+02  6.9825e+02
 2.0102e+02  6.9946e+02
 2.0114e+02  6.9946e+02
 2.0125e+02  7.0006e+02
 2.0137e+02  7.0066e+02
 2.0148e+02  7.0187e+02
 2.0160e+02  7.0187e+02
 2.0172e+02  7.0308e+02
 2.0183e+02  7.0308e+02
 2.0195e+02  7.0368e+02
 2.0206e+02  7.0428e+02
 2.0218e+02  7.0489e+02
 2.0230e+02  7.0610e+02
 2.0241e+02  7.0670e+02
 2.0253e+02  7.0670e+02
 2.0265e+02  7.0791e+02
 2.0276e+02  7.0851e+02
 2.0288e+02  7.0911e+02
 2.0299e+02  7.1032e+02
 2.0311e+02  7.1032e+02
 2.0323e+02  7.1092e+02
 2.0334e+02  7.1153e+02
 2.0346e+02  7.1273e+02
 2.0357e+02  7.1334e+02
 2.0369e+02  7.1394e+02
 2.0381e+02  7.1394e+02
 2.0392e+02  7.1575e+02
 2.0404e+02  7.1635e+02
 2.0415e+02  7.1756e+02
 2.0427e+02  7.1877e+02
 2.0439e+02  7.1998e+02
 2.0450e+02  7.2058e+02
 2.0462e+02  7.2179e+02
 2.0474e+02  7.2239e+02
 2.0485e+02  7.2360e+02
 2.0497e+02  7.2480e+02
 2.0508e+02  7.2541e+02
 2.0520e+02  7.2601e+02
 2.0532e+02  7.2722e+02
 2.0543e+02  7.2842e+02
 2.0555e+02  7.2842e+02
 2.0566e+02  7.2963e+02
 2.0578e+02  7.3084e+02
 2.0590e+02  7.3265e+02
 2.0601e+02  7.3325e+02
 2.0613e+02  7.3446e+02
 2.0625e+02  7.3567e+02
 2.0636e+02  7.3687e+02
 2.0648e+02  7.3808e+02
 2.0659e+02  7.3989e+02
 2.0671e+02  7.4110e+02
 2.0683e+02  7.4170e+02
 2.0694e+02  7.4291e+02
 2.0706e+02  7.4412e+02
 2.0717e+02  7.4653e+02
 2.0729e+02  7.4894e+02
 2.0741e+02  7.5015e+02
 2.0752e+02  7.5015e+02
 2.0764e+02  7.5136e+02
 2.0775e+02  7.5136e+02
 2.0787e+02  7.5136e+02
 2.0799e+02  7.4955e+02
 2.0810e+02  7.4774e+02
 2.0822e+02  7.4412e+02
 2.0834e+02  7.4231e+02
 2.0845e+02  7.4049e+02
 2.0857e+02  7.3687e+02
 2.0868e+02  7.3325e+02
 2.0880e+02  7.3084e+02
 2.0892e+02  7.2722e+02
 2.0903e+02  7.2541e+02
 2.0915e+02  7.2239e+02
 2.0926e+02  7.1998e+02
 2.0938e+02  7.1756e+02
 2.0950e+02  7.1696e+02
 2.0961e+02  7.1213e+02
 2.0973e+02  7.1032e+02
 2.0985e+02  7.0791e+02
 2.0996e+02  7.0670e+02
 2.1008e+02  7.0428e+02
 2.1019e+02  7.0308e+02
 2.1031e+02  7.0187e+02
 2.1043e+02  7.0006e+02
 2.1054e+02  6.9885e+02
 2.1066e+02  6.9704e+02
 2.1077e+02  6.9644e+02
 2.1089e+02  6.9463e+02
 2.1101e+02  6.9342e+02
 2.1112e+02  6.9221e+02
 2.1124e+02  6.9101e+02
 2.1135e+02  6.9040e+02
 2.1147e+02  6.8980e+02
 2.1159e+02  6.8859e+02
 2.1170e+02  6.8739e+02
 2.1182e+02  6.8618e+02
 2.1194e+02  6.8618e+02
 2.1205e+02  6.8497e+02
 2.1217e+02  6.8437e+02
 2.1228e+02  6.8377e+02
 2.1240e+02  6.8256e+02
 2.1252e+02  6.8196e+02
 2.1263e+02  6.8135e+02
 2.1275e+02  6.8014e+02
 2.1286e+02  6.7894e+02
 2.1298e+02  6.7833e+02
 2.1310e+02  6.7652e+02
 2.1321e+02  6.7592e+02
 2.1333e+02  6.7471e+02
 2.1345e+02  6.7351e+02
 2.1356e+02  6.7109e+02
 2.1368e+02  6.7049e+02
 2.1379e+02  6.6868e+02
 2.1391e+02  6.6807e+02
 2.1403e+02  6.6566e+02
 2.1414e+02  6.6385e+02
 2.1426e+02  6.6204e+02
 2.1437e+02  6.6083e+02
 2.1449e+02  6.5963e+02
 2.1461e+02  6.5842e+02
 2.1472e+02  6.5721e+02
 2.1484e+02  6.5600e+02
 2.1495e+02  6.5359e+02
 2.1507e+02  6.5238e+02
 2.1519e+02  6.5118e+02
 2.1530e+02  6.4997e+02
 2.1542e+02  6.4816e+02
 2.1554e+02  6.4756e+02
 2.1565e+02  6.4514e+02
 2.1577e+02  6.4393e+02
 2.1588e+02  6.4212e+02
 2.1600e+02  6.4031e+02
 2.1612e+02  6.3911e+02
 2.1623e+02  6.3790e+02
 2.1635e+02  6.3549e+02
 2.1646e+02  6.3488e+02
 2.1658e+02  6.3307e+02
 2.1670e+02  6.3066e+02
 2.1681e+02  6.3066e+02
 2.1693e+02  6.2885e+02
 2.1705e+02  6.2704e+02
 2.1716e+02  6.2523e+02
 2.1728e+02  6.2462e+02
 2.1739e+02  6.2221e+02
 2.1751e+02  6.2100e+02
 2.1763e+02  6.1979e+02
 2.1774e+02  6.1859e+02
 2.1786e+02  6.1678e+02
 2.1797e+02  6.1497e+02
 2.1809e+02  6.1376e+02
 2.1821e+02  6.1255e+02
 2.1832e+02  6.1014e+02
 2.1844e+02  6.0893e+02
 2.1855e+02  6.0712e+02
 2.1867e+02  6.0531e+02
 2.1879e+02  6.0410e+02
 2.1890e+02  6.0290e+02
 2.1902e+02  6.0169e+02
 2.1914e+02  5.9988e+02
 2.1925e+02  5.9807e+02
 2.1937e+02  5.9686e+02
 2.1948e+02  5.9565e+02
 2.1960e+02  5.9384e+02
 2.1972e+02  5.9264e+02
 2.1983e+02  5.9083e+02
 2.1995e+02  5.8841e+02
 2.2006e+02  5.8721e+02
 2.2018e+02  5.8600e+02
 2.2030e+02  5.8419e+02
 2.2041e+02  5.8298e+02
 2.2053e+02  5.8117e+02
 2.2065e+02  5.7996e+02
 2.2076e+02  5.7876e+02
 2.2088e+02  5.7755e+02
 2.2099e+02  5.7634e+02
 2.2111e+02  5.7393e+02
 2.2123e+02  5.7272e+02
 2.2134e+02  5.7151e+02
 2.2146e+02  5.7031e+02
 2.2157e+02  5.6850e+02
 2.2169e+02  5.6669e+02
 2.2181e+02  5.6548e+02
 2.2192e+02  5.6427e+02
 2.2204e+02  5.6307e+02
 2.2215e+02  5.6126e+02
 2.2227e+02  5.5944e+02
 2.2239e+02  5.5824e+02
 2.2250e+02  5.5703e+02
 2.2262e+02  5.5462e+02
 2.2274e+02  5.5401e+02
 2.2285e+02  5.5220e+02
 2.2297e+02  5.5100e+02
 2.2308e+02  5.4979e+02
 2.2320e+02  5.4617e+02
 2.2332e+02  5.4255e+02
 2.2343e+02  5.4074e+02
 2.2355e+02  5.3893e+02
 2.2366e+02  5.3651e+02
 2.2378e+02  5.3289e+02
 2.2390e+02  5.3168e+02
 2.2401e+02  5.2686e+02
 2.2413e+02  5.2565e+02
 2.2425e+02  5.2323e+02
 2.2436e+02  5.2082e+02
 2.2448e+02  5.1841e+02
 2.2459e+02  5.1720e+02
 2.2471e+02  5.1599e+02
 2.2483e+02  5.1358e+02
 2.2494e+02  5.1116e+02
 2.2506e+02  5.0996e+02
 2.2517e+02  5.0815e+02
 2.2529e+02  5.0634e+02
 2.2541e+02  5.0392e+02
 2.2552e+02  5.0272e+02
 2.2564e+02  5.0151e+02
 2.2575e+02  4.9909e+02
 2.2587e+02  4.9789e+02
 2.2599e+02  4.9547e+02
 2.2610e+02  4.9427e+02
 2.2622e+02  4.9185e+02
 2.2634e+02  4.9065e+02
 2.2645e+02  4.8944e+02
 2.2657e+02  4.8823e+02
 2.2668e+02  4.8582e+02
 2.2680e+02  4.8340e+02
 2.2692e+02  4.8220e+02
 2.2703e+02  4.8099e+02
 2.2715e+02  4.7978e+02
 2.2726e+02  4.7797e+02
 2.2738e+02  4.7616e+02
 2.2750e+02  4.7495e+02
 2.2761e+02  4.7254e+02
 2.2773e+02  4.7133e+02
 2.2785e+02  4.7013e+02
 2.2796e+02  4.6771e+02
 2.2808e+02  4.6651e+02
 2.2819e+02  4.6590e+02
 2.2831e+02  4.6409e+02
 2.2843e+02  4.6288e+02
 2.2854e+02  4.6168e+02
 2.2866e+02  4.6047e+02
 2.2877e+02  4.5987e+02
 2.2889e+02  4.5926e+02
 2.2901e+02  4.5866e+02
 2.2912e+02  4.5806e+02
 2.2924e+02  4.5806e+02
 2.2935e+02  4.5685e+02
 2.2947e+02  4.5685e+02
 2.2959e+02  4.5564e+02
 2.2970e+02  4.5564e+02
 2.2982e+02  4.5564e+02
 2.2994e+02  4.5444e+02
 2.3005e+02  4.5383e+02
 2.3017e+02  4.5323e+02
 2.3028e+02  4.5263e+02
 2.3040e+02  4.5202e+02
 2.3052e+02  4.5202e+02
 2.3063e+02  4.5081e+02
 2.3075e+02  4.4961e+02
 2.3086e+02  4.4900e+02
 2.3098e+02  4.4780e+02
 2.3110e+02  4.4659e+02
 2.3121e+02  4.4538e+02
 2.3133e+02  4.4478e+02
 2.3145e+02  4.4357e+02
 2.3156e+02  4.4237e+02
 2.3168e+02  4.4056e+02
 2.3179e+02  4.3935e+02
 2.3191e+02  4.3814e+02
 2.3203e+02  4.3633e+02
 2.3214e+02  4.3512e+02
 2.3226e+02  4.3331e+02
 2.3237e+02  4.3271e+02
 2.3249e+02  4.3150e+02
 2.3261e+02  4.2909e+02
 2.3272e+02  4.2728e+02
 2.3284e+02  4.2547e+02
 2.3295e+02  4.2305e+02
 2.3307e+02  4.2305e+02
 2.3319e+02  4.2185e+02
 2.3330e+02  4.2064e+02
 2.3342e+02  4.1943e+02
 2.3354e+02  4.1883e+02
 2.3365e+02  4.1762e+02
 2.3377e+02  4.1581e+02
 2.3388e+02  4.1460e+02
 2.3400e+02  4.1400e+02
 2.3412e+02  4.1219e+02
 2.3423e+02  4.1159e+02
 2.3435e+02  4.1038e+02
 2.3446e+02  4.0917e+02
 2.3458e+02  4.0736e+02
 2.3470e+02  4.0616e+02
 2.3481e+02  4.0555e+02
 2.3493e+02  4.0495e+02
 2.3505e+02  4.0253e+02
 2.3516e+02  4.0133e+02
 2.3528e+02  4.0072e+02
 2.3539e+02  4.0012e+02
 2.3551e+02  3.9831e+02
 2.3563e+02  3.9771e+02
 2.3574e+02  3.9650e+02
 2.3586e+02  3.9529e+02
 2.3597e+02  3.9409e+02
 2.3609e+02  3.9288e+02
 2.3621e+02  3.9167e+02
 2.3632e+02  3.9046e+02
 2.3644e+02  3.8926e+02
 2.3655e+02  3.8805e+02
 2.3667e+02  3.8684e+02
 2.3679e+02  3.8503e+02
 2.3690e+02  3.8443e+02
 2.3702e+02  3.8202e+02
 2.3714e+02  3.8141e+02
 2.3725e+02  3.8081e+02
 2.3737e+02  3.7839e+02
 2.3748e+02  3.7719e+02
 2.3760e+02  3.7598e+02
 2.3772e+02  3.7477e+02
 2.3783e+02  3.7357e+02
 2.3795e+02  3.7176e+02
 2.3806e+02  3.6995e+02
 2.3818e+02  3.6874e+02
 2.3830e+02  3.6753e+02
 2.3841e+02  3.6632e+02
 2.3853e+02  3.6512e+02
 2.3865e+02  3.6331e+02
 2.3876e+02  3.6150e+02
 2.3888e+02  3.6029e+02
 2.3899e+02  3.5908e+02
 2.3911e+02  3.5667e+02
 2.3923e+02  3.5607e+02
 2.3934e+02  3.5425e+02
 2.3946e+02  3.5305e+02
 2.3957e+02  3.5184e+02
 2.3969e+02  3.5003e+02
 2.3981e+02  3.4822e+02
 2.3992e+02  3.4822e+02
 2.4004e+02  3.4701e+02
 2.4015e+02  3.4520e+02
 2.4027e+02  3.4339e+02
 2.4039e+02  3.4218e+02
 2.4050e+02  3.4098e+02
 2.4062e+02  3.3856e+02
 2.4074e+02  3.3796e+02
 2.4085e+02  3.3615e+02
 2.4097e+02  3.3494e+02
 2.4108e+02  3.3374e+02
 2.4120e+02  3.3253e+02
 2.4132e+02  3.3132e+02
 2.4143e+02  3.3011e+02
 2.4155e+02  3.2891e+02
 2.4166e+02  3.2770e+02
 2.4178e+02  3.2649e+02
 2.4190e+02  3.2468e+02
 2.4201e+02  3.2348e+02
 2.4213e+02  3.2227e+02
 2.4225e+02  3.2046e+02
 2.4236e+02  3.1865e+02
 2.4248e+02  3.1804e+02
 2.4259e+02  3.1623e+02
 2.4271e+02  3.1442e+02
 2.4283e+02  3.1322e+02
 2.4294e+02  3.1141e+02
 2.4306e+02  3.1020e+02
 2.4317e+02  3.0839e+02
 2.4329e+02  3.0718e+02
 2.4341e+02  3.0597e+02
 2.4352e+02  3.0477e+02
 2.4364e+02  3.0356e+02
 2.4375e+02  3.0235e+02
 2.4387e+02  3.0115e+02
 2.4399e+02  2.9994e+02
 2.4410e+02  2.9994e+02
 2.4422e+02  2.9873e+02
 2.4434e+02  2.9813e+02
 2.4445e+02  2.9692e+02
 2.4457e+02  2.9572e+02
 2.4468e+02  2.9511e+02
 2.4480e+02  2.9390e+02
 2.4492e+02  2.9330e+02
 2.4503e+02  2.9270e+02
 2.4515e+02  2.9149e+02
 2.4526e+02  2.9028e+02
 2.4538e+02  2.8908e+02
 2.4550e+02  2.8847e+02
 2.4561e+02  2.8727e+02
 2.4573e+02  2.8666e+02
 2.4585e+02  2.8546e+02
 2.4596e+02  2.8485e+02
 2.4608e+02  2.8425e+02
 2.4619e+02  2.8244e+02
 2.4631e+02  2.8063e+02
 2.4643e+02  2.8063e+02
 2.4654e+02  2.7942e+02
 2.4666e+02  2.7821e+02
 2.4677e+02  2.7701e+02
 2.4689e+02  2.7640e+02
 2.4701e+02  2.7520e+02
 2.4712e+02  2.7459e+02
 2.4724e+02  2.7278e+02
 2.4735e+02  2.7218e+02
 2.4747e+02  2.7097e+02
 2.4759e+02  2.6976e+02
 2.4770e+02  2.6856e+02
 2.4782e+02  2.6735e+02
 2.4794e+02  2.6675e+02
 2.4805e+02  2.6554e+02
 2.4817e+02  2.6373e+02
 2.4828e+02  2.6373e+02
 2.4840e+02  2.6252e+02
 2.4852e+02  2.6132e+02
 2.4863e+02  2.6071e+02
 2.4875e+02  2.5951e+02
 2.4886e+02  2.5890e+02
 2.4898e+02  2.5769e+02
 2.4910e+02  2.5649e+02
 2.4921e+02  2.5528e+02
 2.4933e+02  2.5468e+02
 2.4945e+02  2.5347e+02
 2.4956e+02  2.5166e+02
 2.4968e+02  2.5106e+02
 2.4979e+02  2.5045e+02
 2.4991e+02  2.4925e+02
 2.5003e+02  2.4744e+02
 2.5014e+02  2.4683e+02
 2.5026e+02  2.4502e+02
 2.5037e+02  2.4381e+02
 2.5049e+02  2.4261e+02
 2.5061e+02  2.4200e+02
 2.5072e+02  2.4080e+02
 2.5084e+02  2.3838e+02
 2.5095e+02  2.3778e+02
 2.5107e+02  2.3597e+02
 2.5119e+02  2.3476e+02
 2.5130e+02  2.3355e+02
 2.5142e+02  2.3174e+02
 2.5154e+02  2.2993e+02
 2.5165e+02  2.2812e+02
 2.5177e+02  2.2631e+02
 2.5188e+02  2.2390e+02
 2.5200e+02  2.2148e+02
 2.5212e+02  2.2028e+02
 2.5223e+02  2.1907e+02
 2.5235e+02  2.1666e+02
 2.5246e+02  2.1545e+02
 2.5258e+02  2.1424e+02
 2.5270e+02  2.1183e+02
 2.5281e+02  2.1062e+02
 2.5293e+02  2.0881e+02
 2.5305e+02  2.0700e+02
 2.5316e+02  2.0579e+02
 2.5328e+02  2.0459e+02
 2.5339e+02  2.0338e+02
 2.5351e+02  2.0217e+02
 2.5363e+02  2.0097e+02
 2.5374e+02  1.9916e+02
 2.5386e+02  1.9855e+02
 2.5397e+02  1.9734e+02
 2.5409e+02  1.9674e+02
 2.5421e+02  1.9493e+02
 2.5432e+02  1.9493e+02
 2.5444e+02  1.9372e+02
 2.5455e+02  1.9252e+02
 2.5467e+02  1.9191e+02
 2.5479e+02  1.9131e+02
 2.5490e+02  1.9010e+02
 2.5502e+02  1.8829e+02
 2.5514e+02  1.8648e+02
 2.5525e+02  1.8648e+02
 2.5537e+02  1.8467e+02
 2.5548e+02  1.8346e+02
 2.5560e+02  1.8286e+02
 2.5572e+02  1.8165e+02
 2.5583e+02  1.8045e+02
 2.5595e+02  1.7924e+02
 2.5606e+02  1.7803e+02
 2.5618e+02  1.7683e+02
 2.5630e+02  1.7562e+02
 2.5641e+02  1.7441e+02
 2.5653e+02  1.7320e+02
 2.5665e+02  1.7260e+02
 2.5676e+02  1.7200e+02
 2.5688e+02  1.7019e+02
 2.5699e+02  1.6958e+02
 2.5711e+02  1.6838e+02
 2.5723e+02  1.6717e+02
 2.5734e+02  1.6596e+02
 2.5746e+02  1.6476e+02
 2.5757e+02  1.6355e+02
 2.5769e+02  1.6355e+02
 2.5781e+02  1.6234e+02
 2.5792e+02  1.5993e+02
 2.5804e+02  1.5932e+02
 2.5815e+02  1.5872e+02
 2.5827e+02  1.5751e+02
 2.5839e+02  1.5631e+02
 2.5850e+02  1.5510e+02
 2.5862e+02  1.5389e+02
 2.5874e+02  1.5329e+02
 2.5885e+02  1.5148e+02
 2.5897e+02  1.5027e+02
 2.5908e+02  1.5027e+02
 2.5920e+02  1.4906e+02
 2.5932e+02  1.4786e+02
 2.5943e+02  1.4725e+02
 2.5955e+02  1.4665e+02
 2.5966e+02  1.4544e+02
 2.5978e+02  1.4424e+02
 2.5990e+02  1.4303e+02
 2.6001e+02  1.4243e+02
 2.6013e+02  1.4182e+02
 2.6025e+02  1.4182e+02
 2.6036e+02  1.4001e+02
 2.6048e+02  1.3941e+02
 2.6059e+02  1.3820e+02
 2.6071e+02  1.3820e+02
 2.6083e+02  1.3699e+02
 2.6094e+02  1.3639e+02
 2.6106e+02  1.3579e+02
 2.6117e+02  1.3458e+02
 2.6129e+02  1.3337e+02
 2.6141e+02  1.3277e+02
 2.6152e+02  1.3217e+02
 2.6164e+02  1.3096e+02
 2.6175e+02  1.3036e+02
 2.6187e+02  1.2975e+02
 2.6199e+02  1.2855e+02
 2.6210e+02  1.2794e+02
 2.6222e+02  1.2734e+02
 2.6234e+02  1.2613e+02
 2.6245e+02  1.2613e+02
 2.6257e+02  1.2492e+02
 2.6268e+02  1.2432e+02
 2.6280e+02  1.2311e+02
 2.6292e+02  1.2251e+02
 2.6303e+02  1.2191e+02
 2.6315e+02  1.2130e+02
 2.6326e+02  1.2010e+02
 2.6338e+02  1.2010e+02
 2.6350e+02  1.1949e+02
 2.6361e+02  1.1829e+02
 2.6373e+02  1.1768e+02
 2.6385e+02  1.1708e+02
 2.6396e+02  1.1648e+02
 2.6408e+02  1.1587e+02
 2.6419e+02  1.1467e+02
 2.6431e+02  1.1406e+02
 2.6443e+02  1.1406e+02
 2.6454e+02  1.1285e+02
 2.6466e+02  1.1225e+02
 2.6477e+02  1.1165e+02
 2.6489e+02  1.1104e+02
 2.6501e+02  1.1044e+02
 2.6512e+02  1.0923e+02
 2.6524e+02  1.0923e+02
 2.6535e+02  1.0863e+02
 2.6547e+02  1.0803e+02
 2.6559e+02  1.0803e+02
 2.6570e+02  1.0682e+02
 2.6582e+02  1.0622e+02
 2.6594e+02  1.0561e+02
 2.6605e+02  1.0561e+02
 2.6617e+02  1.0561e+02
 2.6628e+02  1.0441e+02
 2.6640e+02  1.0441e+02
 2.6652e+02  1.0380e+02
 2.6663e+02  1.0320e+02
 2.6675e+02  1.0260e+02
 2.6686e+02  1.0199e+02
 2.6698e+02  1.0199e+02
 2.6710e+02  1.0139e+02
 2.6721e+02  1.0078e+02
 2.6733e+02  1.0078e+02
 2.6745e+02  1.0018e+02
 2.6756e+02  9.9578e+01
 2.6768e+02  9.8974e+01
 2.6779e+02  9.8371e+01
 2.6791e+02  9.8371e+01
 2.6803e+02  9.7767e+01
 2.6814e+02  9.7164e+01
 2.6826e+02  9.6560e+01
 2.6837e+02  9.5957e+01
 2.6849e+02  9.5957e+01
 2.6861e+02  9.5353e+01
 2.6872e+02  9.4750e+01
 2.6884e+02  9.4146e+01
 2.6895e+02  9.3543e+01
 2.6907e+02  9.3543e+01
 2.6919e+02  9.2336e+01
 2.6930e+02  9.2336e+01
 2.6942e+02  9.2336e+01
 2.6954e+02  9.1732e+01
 2.6965e+02  9.1129e+01
 2.6977e+02  9.1129e+01
 2.6988e+02  8.9922e+01
 2.7000e+02  8.9922e+01
 2.7012e+02  8.9318e+01
 2.7023e+02  8.8715e+01
 2.7035e+02  8.8715e+01
 2.7046e+02  8.8715e+01
 2.7058e+02  8.8715e+01
 2.7070e+02  8.7508e+01
 2.7081e+02  8.7508e+01
 2.7093e+02  8.6904e+01
 2.7105e+02  8.6301e+01
 2.7116e+02  8.6301e+01
 2.7128e+02  8.5697e+01
 2.7139e+02  8.5094e+01
 2.7151e+02  8.5094e+01
 2.7163e+02  8.5094e+01
 2.7174e+02  8.3887e+01
 2.7186e+02  8.3887e+01
 2.7197e+02  8.3887e+01
 2.7209e+02  8.3283e+01
 2.7221e+02  8.2680e+01
 2.7232e+02  8.2680e+01
 2.7244e+02  8.2076e+01
 2.7255e+02  8.1473e+01
 2.7267e+02  8.0869e+01
 2.7279e+02  8.0266e+01
 2.7290e+02  8.0266e+01
 2.7302e+02  7.9662e+01
 2.7314e+02  7.9059e+01
 2.7325e+02  7.9059e+01
 2.7337e+02  7.7852e+01
 2.7348e+02  7.7852e+01
 2.7360e+02  7.7248e+01
 2.7372e+02  7.6645e+01
 2.7383e+02  7.6645e+01
 2.7395e+02  7.6041e+01
 2.7406e+02  7.5438e+01
 2.7418e+02  7.5438e+01
 2.7430e+02  7.4231e+01
 2.7441e+02  7.4231e+01
 2.7453e+02  7.3627e+01
 2.7465e+02  7.3024e+01
 2.7476e+02  7.3024e+01
 2.7488e+02  7.2420e+01
 2.7499e+02  7.1817e+01
 2.7511e+02  7.1817e+01
 2.7523e+02  7.1213e+01
 2.7534e+02  7.0610e+01
 2.7546e+02  7.0610e+01
 2.7557e+02  7.0006e+01
 2.7569e+02  6.9403e+01
 2.7581e+02  6.9403e+01
 2.7592e+02  6.8799e+01
 2.7604e+02  6.8196e+01
 2.7615e+02  6.8196e+01
 2.7627e+02  6.6989e+01
 2.7639e+02  6.6989e+01
 2.7650e+02  6.6989e+01
 2.7662e+02  6.5782e+01
 2.7674e+02  6.5782e+01
 2.7685e+02  6.5782e+01
 2.7697e+02  6.5178e+01
 2.7708e+02  6.4575e+01
 2.7720e+02  6.4575e+01
 2.7732e+02  6.3368e+01
 2.7743e+02  6.3368e+01
 2.7755e+02  6.2161e+01
 2.7766e+02  6.2161e+01
 2.7778e+02  6.2161e+01
 2.7790e+02  6.0954e+01
 2.7801e+02  6.0954e+01
 2.7813e+02  6.0350e+01
 2.7825e+02  5.9747e+01
 2.7836e+02  5.9143e+01
 2.7848e+02  5.8540e+01
 2.7859e+02  5.8540e+01
 2.7871e+02  5.8540e+01
 2.7883e+02  5.7333e+01
 2.7894e+02  5.7333e+01
 2.7906e+02  5.6729e+01
 2.7917e+02  5.6126e+01
 2.7929e+02  5.6126e+01
 2.7941e+02  5.5522e+01
 2.7952e+02  5.4919e+01
 2.7964e+02  5.3712e+01
 2.7975e+02  5.3712e+01
 2.7987e+02  5.2505e+01
 2.7999e+02  5.2505e+01
 2.8010e+02  5.2505e+01
 2.8022e+02  5.1901e+01
 2.8034e+02  5.1298e+01
 2.8045e+02  5.1298e+01
 2.8057e+02  5.0694e+01
 2.8068e+02  5.0091e+01
 2.8080e+02  4.9487e+01
 2.8092e+02  4.8884e+01
 2.8103e+02  4.8884e+01
 2.8115e+02  4.7677e+01
 2.8126e+02  4.7677e+01
 2.8138e+02  4.7677e+01
 2.8150e+02  4.6470e+01
 2.8161e+02  4.6470e+01
 2.8173e+02  4.6470e+01
 2.8185e+02  4.5263e+01
 2.8196e+02  4.5263e+01
 2.8208e+02  4.5263e+01
 2.8219e+02  4.5263e+01
 2.8231e+02  4.4659e+01
 2.8243e+02  4.4659e+01
 2.8254e+02  4.4056e+01
 2.8266e+02  4.4659e+01
 2.8277e+02  4.4056e+01
 2.8289e+02  4.5263e+01
 2.8301e+02  4.5263e+01
 2.8312e+02  4.5263e+01
 2.8324e+02  4.5263e+01
 2.8335e+02  4.5263e+01
 2.8347e+02  4.5263e+01
 2.8359e+02  4.5866e+01
 2.8370e+02  4.6470e+01
 2.8382e+02  4.6470e+01
 2.8394e+02  4.6470e+01
 2.8405e+02  4.7677e+01
 2.8417e+02  4.7677e+01
 2.8428e+02  4.8884e+01
 2.8440e+02  4.8884e+01
 2.8452e+02  5.0091e+01
 2.8463e+02  5.0091e+01
 2.8475e+02  5.1298e+01
 2.8486e+02  5.1298e+01
 2.8498e+02  5.1901e+01
 2.8510e+02  5.2505e+01
 2.8521e+02  5.3108e+01
 2.8533e+02  5.3712e+01
 2.8545e+02  5.4315e+01
 2.8556e+02  5.4919e+01
 2.8568e+02  5.4919e+01
 2.8579e+02  5.6126e+01
 2.8591e+02  5.6126e+01
 2.8603e+02  5.6729e+01
 2.8614e+02  5.7333e+01
 2.8626e+02  5.7333e+01
 2.8637e+02  5.7333e+01
 2.8649e+02  5.7333e+01
 2.8661e+02  5.7333e+01
 2.8672e+02  5.7936e+01
 2.8684e+02  5.8540e+01
 2.8695e+02  5.8540e+01
 2.8707e+02  5.8540e+01
 2.8719e+02  5.8540e+01
 2.8730e+02  5.8540e+01
 2.8742e+02  5.8540e+01
 2.8754e+02  5.8540e+01
 2.8765e+02  5.8540e+01
 2.8777e+02  5.9143e+01
 2.8788e+02  5.9143e+01
 2.8800e+02  5.9747e+01
 2.8812e+02  5.9747e+01
 2.8823e+02  5.9747e+01
 2.8835e+02  5.9747e+01
 2.8846e+02  5.9747e+01
 2.8858e+02  5.9747e+01
 2.8870e+02  6.0954e+01
 2.8881e+02  6.0954e+01
 2.8893e+02  6.0954e+01
 2.8905e+02  6.0954e+01
 2.8916e+02  6.0954e+01
 2.8928e+02  6.0954e+01
 2.8939e+02  6.0954e+01
 2.8951e+02  6.1557e+01
 2.8963e+02  6.2161e+01
 2.8974e+02  6.2161e+01
 2.8986e+02  6.2161e+01
 2.8997e+02  6.2161e+01
 2.9009e+02  6.2161e+01
 2.9021e+02  6.2764e+01
 2.9032e+02  6.2764e+01
 2.9044e+02  6.3368e+01
 2.9055e+02  6.3368e+01
 2.9067e+02  6.3368e+01
 2.9079e+02  6.3368e+01
 2.9090e+02  6.3368e+01
 2.9102e+02  6.3368e+01
 2.9114e+02  6.3368e+01
 2.9125e+02  6.3971e+01
 2.9137e+02  6.4575e+01
 2.9148e+02  6.4575e+01
 2.9160e+02  6.4575e+01
 2.9172e+02  6.4575e+01
 2.9183e+02  6.4575e+01
 2.9195e+02  6.4575e+01
 2.9206e+02  6.4575e+01
 2.9218e+02  6.5178e+01
 2.9230e+02  6.5178e+01
 2.9241e+02  6.5782e+01
 2.9253e+02  6.5782e+01
 2.9265e+02  6.5782e+01
 2.9276e+02  6.6989e+01
 2.9288e+02  6.6989e+01
 2.9299e+02  6.7592e+01
 2.9311e+02  6.8196e+01
 2.9323e+02  6.8196e+01
 2.9334e+02  6.9403e+01
 2.9346e+02  6.9403e+01
 2.9357e+02  7.0610e+01
 2.9369e+02  7.0610e+01
 2.9381e+02  7.1817e+01
 2.9392e+02  7.1817e+01
 2.9404e+02  7.3024e+01
 2.9415e+02  7.3024e+01
 2.9427e+02  7.4231e+01
 2.9439e+02  7.4231e+01
 2.9450e+02  7.4231e+01
 2.9462e+02  7.4231e+01
 2.9474e+02  7.4834e+01
 2.9485e+02  7.5438e+01
 2.9497e+02  7.5438e+01
 2.9508e+02  7.5438e+01
 2.9520e+02  7.5438e+01
 2.9532e+02  7.5438e+01
 2.9543e+02  7.5438e+01
 2.9555e+02  7.5438e+01
 2.9566e+02  7.5438e+01
 2.9578e+02  7.5438e+01
 2.9590e+02  7.5438e+01
 2.9601e+02  7.6041e+01
 2.9613e+02  7.6645e+01
 2.9625e+02  7.6645e+01
 2.9636e+02  7.6645e+01
 2.9648e+02  7.6645e+01
 2.9659e+02  7.6645e+01
 2.9671e+02  7.6645e+01
 2.9683e+02  7.6645e+01
 2.9694e+02  7.6645e+01
 2.9706e+02  7.7248e+01
 2.9717e+02  7.7248e+01
 2.9729e+02  7.7852e+01
 2.9741e+02  7.7852e+01
 2.9752e+02  7.7852e+01
 2.9764e+02  7.7852e+01
 2.9775e+02  7.7852e+01
 2.9787e+02  7.7852e+01
 2.9799e+02  7.8455e+01
 2.9810e+02  7.8455e+01
 2.9822e+02  7.9059e+01
 2.9834e+02  7.9059e+01
 2.9845e+02  7.9662e+01
 2.9857e+02  8.0266e+01
 2.9868e+02  8.0869e+01
 2.9880e+02  8.1473e+01
 2.9892e+02  8.1473e+01
 2.9903e+02  8.2076e+01
 2.9915e+02  8.2680e+01
 2.9926e+02  8.3887e+01
 2.9938e+02  8.4490e+01
 2.9950e+02  8.5094e+01
 2.9961e+02  8.5094e+01
 2.9973e+02  8.5697e+01
 2.9985e+02  8.6301e+01
 2.9996e+02  8.7508e+01
 3.0008e+02  8.7508e+01
 3.0019e+02  8.8715e+01
 3.0031e+02  8.8715e+01
 3.0043e+02  8.9922e+01
 3.0054e+02  8.9922e+01
 3.0066e+02  9.1129e+01
 3.0077e+02  9.1129e+01
 3.0089e+02  9.2336e+01
 3.0101e+02  9.2336e+01
 3.0112e+02  9.3543e+01
 3.0124e+02  9.3543e+01
 3.0135e+02  9.4750e+01
 3.0147e+02  9.4750e+01
 3.0159e+02  9.5957e+01
 3.0170e+02  9.5957e+01
 3.0182e+02  9.7164e+01
 3.0194e+02  9.7164e+01
 3.0205e+02  9.8371e+01
 3.0217e+02  9.8371e+01
 3.0228e+02  9.9578e+01
 3.0240e+02  9.9578e+01
 3.0252e+02  1.0018e+02
 3.0263e+02  1.0139e+02
 3.0275e+02  1.0199e+02
 3.0286e+02  1.0260e+02
 3.0298e+02  1.0320e+02
 3.0310e+02  1.0380e+02
 3.0321e+02  1.0441e+02
 3.0333e+02  1.0561e+02
 3.0345e+02  1.0682e+02
 3.0356e+02  1.0682e+02
 3.0368e+02  1.0803e+02
 3.0379e+02  1.0863e+02
 3.0391e+02  1.0923e+02
 3.0403e+02  1.0984e+02
 3.0414e+02  1.1044e+02
 3.0426e+02  1.1104e+02
 3.0437e+02  1.1165e+02
 3.0449e+02  1.1165e+02
 3.0461e+02  1.1285e+02
 3.0472e+02  1.1285e+02
 3.0484e+02  1.1406e+02
 3.0495e+02  1.1406e+02
 3.0507e+02  1.1406e+02
 3.0519e+02  1.1527e+02
 3.0530e+02  1.1527e+02
 3.0542e+02  1.1648e+02
 3.0554e+02  1.1648e+02
 3.0565e+02  1.1648e+02
 3.0577e+02  1.1768e+02
 3.0588e+02  1.1829e+02
 3.0600e+02  1.1889e+02
 3.0612e+02  1.1949e+02
 3.0623e+02  1.2010e+02
 3.0635e+02  1.2070e+02
 3.0646e+02  1.2130e+02
 3.0658e+02  1.2130e+02
 3.0670e+02  1.2251e+02
 3.0681e+02  1.2251e+02
 3.0693e+02  1.2251e+02
 3.0705e+02  1.2372e+02
 3.0716e+02  1.2372e+02
 3.0728e+02  1.2372e+02
 3.0739e+02  1.2492e+02
 3.0751e+02  1.2492e+02
 3.0763e+02  1.2492e+02
 3.0774e+02  1.2613e+02
 3.0786e+02  1.2613e+02
 3.0797e+02  1.2734e+02
 3.0809e+02  1.2734e+02
 3.0821e+02  1.2855e+02
 3.0832e+02  1.2855e+02
 3.0844e+02  1.2915e+02
 3.0855e+02  1.2975e+02
 3.0867e+02  1.3036e+02
 3.0879e+02  1.3096e+02
 3.0890e+02  1.3217e+02
 3.0902e+02  1.3217e+02
 3.0914e+02  1.3337e+02
 3.0925e+02  1.3337e+02
 3.0937e+02  1.3458e+02
 3.0948e+02  1.3579e+02
 3.0960e+02  1.3579e+02
 3.0972e+02  1.3699e+02
 3.0983e+02  1.3699e+02
 3.0995e+02  1.3820e+02
 3.1006e+02  1.3881e+02
 3.1018e+02  1.3941e+02
 3.1030e+02  1.4001e+02
 3.1041e+02  1.4062e+02
 3.1053e+02  1.4182e+02
 3.1065e+02  1.4182e+02
 3.1076e+02  1.4243e+02
 3.1088e+02  1.4303e+02
 3.1099e+02  1.4363e+02
 3.1111e+02  1.4424e+02
 3.1123e+02  1.4484e+02
 3.1134e+02  1.4544e+02
 3.1146e+02  1.4544e+02
 3.1157e+02  1.4605e+02
 3.1169e+02  1.4665e+02
 3.1181e+02  1.4725e+02
 3.1192e+02  1.4786e+02
 3.1204e+02  1.4786e+02
 3.1215e+02  1.4906e+02
 3.1227e+02  1.4906e+02
 3.1239e+02  1.5027e+02
 3.1250e+02  1.5027e+02
 3.1262e+02  1.5088e+02
 3.1274e+02  1.5148e+02
 3.1285e+02  1.5208e+02
 3.1297e+02  1.5269e+02
 3.1308e+02  1.5389e+02
 3.1320e+02  1.5389e+02
 3.1332e+02  1.5510e+02
 3.1343e+02  1.5510e+02
 3.1355e+02  1.5570e+02
 3.1366e+02  1.5631e+02
 3.1378e+02  1.5751e+02
 3.1390e+02  1.5751e+02
 3.1401e+02  1.5872e+02
 3.1413e+02  1.5872e+02
 3.1425e+02  1.5932e+02
 3.1436e+02  1.5993e+02
 3.1448e+02  1.6113e+02
 3.1459e+02  1.6113e+02
 3.1471e+02  1.6234e+02
 3.1483e+02  1.6295e+02
 3.1494e+02  1.6355e+02
 3.1506e+02  1.6476e+02
 3.1517e+02  1.6476e+02
 3.1529e+02  1.6536e+02
 3.1541e+02  1.6596e+02
 3.1552e+02  1.6717e+02
 3.1564e+02  1.6777e+02
 3.1575e+02  1.6838e+02
 3.1587e+02  1.6958e+02
 3.1599e+02  1.7019e+02
 3.1610e+02  1.7079e+02
 3.1622e+02  1.7200e+02
 3.1634e+02  1.7320e+02
 3.1645e+02  1.7381e+02
 3.1657e+02  1.7441e+02
 3.1668e+02  1.7562e+02
 3.1680e+02  1.7683e+02
 3.1692e+02  1.7743e+02
 3.1703e+02  1.7803e+02
 3.1715e+02  1.7924e+02
 3.1726e+02  1.8045e+02
 3.1738e+02  1.8105e+02
 3.1750e+02  1.8286e+02
 3.1761e+02  1.8346e+02
 3.1773e+02  1.8527e+02
 3.1785e+02  1.8648e+02
 3.1796e+02  1.8769e+02
 3.1808e+02  1.8890e+02
 3.1819e+02  1.9071e+02
 3.1831e+02  1.9131e+02
 3.1843e+02  1.9372e+02
 3.1854e+02  1.9493e+02
 3.1866e+02  1.9674e+02
 3.1877e+02  1.9795e+02
 3.1889e+02  1.9916e+02
 3.1901e+02  1.9976e+02
 3.1912e+02  2.0097e+02
 3.1924e+02  2.0217e+02
 3.1935e+02  2.0278e+02
 3.1947e+02  2.0338e+02
 3.1959e+02  2.0398e+02
 3.1970e+02  2.0459e+02
 3.1982e+02  2.0519e+02
 3.1994e+02  2.0579e+02
 3.2005e+02  2.0640e+02
 3.2017e+02  2.0700e+02
 3.2028e+02  2.0760e+02
 3.2040e+02  2.0821e+02
 3.2052e+02  2.0821e+02
 3.2063e+02  2.0881e+02
 3.2075e+02  2.0941e+02
 3.2086e+02  2.1062e+02
 3.2098e+02  2.1062e+02
 3.2110e+02  2.1062e+02
 3.2121e+02  2.1123e+02
 3.2133e+02  2.1183e+02
 3.2145e+02  2.1243e+02
 3.2156e+02  2.1304e+02
 3.2168e+02  2.1304e+02
 3.2179e+02  2.1424e+02
 3.2191e+02  2.1424e+02
 3.2203e+02  2.1545e+02
 3.2214e+02  2.1545e+02
 3.2226e+02  2.1605e+02
 3.2237e+02  2.1666e+02
 3.2249e+02  2.1726e+02
 3.2261e+02  2.1786e+02
 3.2272e+02  2.1907e+02
 3.2284e+02  2.1907e+02
 3.2295e+02  2.2028e+02
 3.2307e+02  2.2088e+02
 3.2319e+02  2.2209e+02
 3.2330e+02  2.2269e+02
 3.2342e+02  2.2390e+02
 3.2354e+02  2.2511e+02
 3.2365e+02  2.2571e+02
 3.2377e+02  2.2692e+02
 3.2388e+02  2.2812e+02
 3.2400e+02  2.2933e+02
 3.2412e+02  2.2993e+02
 3.2423e+02  2.3114e+02
 3.2435e+02  2.3295e+02
 3.2446e+02  2.3416e+02
 3.2458e+02  2.3537e+02
 3.2470e+02  2.3597e+02
 3.2481e+02  2.3778e+02
 3.2493e+02  2.3838e+02
 3.2505e+02  2.3899e+02
 3.2516e+02  2.3959e+02
 3.2528e+02  2.4019e+02
 3.2539e+02  2.4080e+02
 3.2551e+02  2.4200e+02
 3.2563e+02  2.4261e+02
 3.2574e+02  2.4321e+02
 3.2586e+02  2.4381e+02
 3.2597e+02  2.4442e+02
 3.2609e+02  2.4442e+02
 3.2621e+02  2.4562e+02
 3.2632e+02  2.4683e+02
 3.2644e+02  2.4804e+02
 3.2655e+02  2.4864e+02
 3.2667e+02  2.4985e+02
 3.2679e+02  2.5226e+02
 3.2690e+02  2.5347e+02
 3.2702e+02  2.5528e+02
 3.2714e+02  2.5649e+02
 3.2725e+02  2.5769e+02
 3.2737e+02  2.6011e+02
 3.2748e+02  2.6132e+02
 3.2760e+02  2.6252e+02
 3.2772e+02  2.6433e+02
 3.2783e+02  2.6494e+02
 3.2795e+02  2.6675e+02
 3.2806e+02  2.6795e+02
 3.2818e+02  2.6916e+02
 3.2830e+02  2.6976e+02
 3.2841e+02  2.7158e+02
 3.2853e+02  2.7339e+02
 3.2865e+02  2.7459e+02
 3.2876e+02  2.7580e+02
 3.2888e+02  2.7701e+02
 3.2899e+02  2.7821e+02
 3.2911e+02  2.7942e+02
 3.2923e+02  2.8063e+02
 3.2934e+02  2.8183e+02
 3.2946e+02  2.8304e+02
 3.2957e+02  2.8425e+02
 3.2969e+02  2.8546e+02
 3.2981e+02  2.8727e+02
 3.2992e+02  2.8787e+02
 3.3004e+02  2.8968e+02
 3.3015e+02  2.9028e+02
 3.3027e+02  2.9149e+02
 3.3039e+02  2.9270e+02
 3.3050e+02  2.9390e+02
 3.3062e+02  2.9511e+02
 3.3074e+02  2.9632e+02
 3.3085e+02  2.9632e+02
 3.3097e+02  2.9753e+02
 3.3108e+02  2.9873e+02
 3.3120e+02  2.9873e+02
 3.3132e+02  2.9934e+02
 3.3143e+02  3.0054e+02
 3.3155e+02  3.0115e+02
 3.3166e+02  3.0235e+02
 3.3178e+02  3.0296e+02
 3.3190e+02  3.0356e+02
 3.3201e+02  3.0477e+02
 3.3213e+02  3.0477e+02
 3.3225e+02  3.0537e+02
 3.3236e+02  3.0597e+02
 3.3248e+02  3.0658e+02
 3.3259e+02  3.0718e+02
 3.3271e+02  3.0779e+02
 3.3283e+02  3.0839e+02
 3.3294e+02  3.0839e+02
 3.3306e+02  3.0899e+02
 3.3317e+02  3.0960e+02
 3.3329e+02  3.0960e+02
 3.3341e+02  3.1020e+02
 3.3352e+02  3.1080e+02
 3.3364e+02  3.1080e+02
 3.3375e+02  3.1141e+02
 3.3387e+02  3.1201e+02
 3.3399e+02  3.1201e+02
 3.3410e+02  3.1261e+02
 3.3422e+02  3.1322e+02
 3.3434e+02  3.1322e+02
 3.3445e+02  3.1442e+02
 3.3457e+02  3.1442e+02
 3.3468e+02  3.1442e+02
 3.3480e+02  3.1503e+02
 3.3492e+02  3.1563e+02
 3.3503e+02  3.1563e+02
 3.3515e+02  3.1684e+02
 3.3526e+02  3.1684e+02
 3.3538e+02  3.1684e+02
 3.3550e+02  3.1804e+02
 3.3561e+02  3.1804e+02
 3.3573e+02  3.1865e+02
 3.3585e+02  3.1925e+02
 3.3596e+02  3.1925e+02
 3.3608e+02  3.2046e+02
 3.3619e+02  3.2046e+02
 3.3631e+02  3.2167e+02
 3.3643e+02  3.2167e+02
 3.3654e+02  3.2227e+02
 3.3666e+02  3.2287e+02
 3.3677e+02  3.2348e+02
 3.3689e+02  3.2408e+02
 3.3701e+02  3.2468e+02
 3.3712e+02  3.2529e+02
 3.3724e+02  3.2589e+02
 3.3735e+02  3.2589e+02
 3.3747e+02  3.2649e+02
 3.3759e+02  3.2770e+02
 3.3770e+02  3.2770e+02
 3.3782e+02  3.2830e+02
 3.3794e+02  3.2830e+02
 3.3805e+02  3.2891e+02
 3.3817e+02  3.3011e+02
 3.3828e+02  3.3072e+02
 3.3840e+02  3.3132e+02
 3.3852e+02  3.3132e+02
 3.3863e+02  3.3253e+02
 3.3875e+02  3.3253e+02
 3.3886e+02  3.3313e+02
 3.3898e+02  3.3374e+02
 3.3910e+02  3.3374e+02
 3.3921e+02  3.3434e+02
 3.3933e+02  3.3494e+02
 3.3945e+02  3.3494e+02
 3.3956e+02  3.3494e+02
 3.3968e+02  3.3555e+02
 3.3979e+02  3.3615e+02
 3.3991e+02  3.3615e+02
 3.4003e+02  3.3615e+02
 3.4014e+02  3.3675e+02
 3.4026e+02  3.3675e+02
 3.4037e+02  3.3736e+02
 3.4049e+02  3.3736e+02
 3.4061e+02  3.3736e+02
 3.4072e+02  3.3796e+02
 3.4084e+02  3.3796e+02
 3.4095e+02  3.3856e+02
 3.4107e+02  3.3856e+02
 3.4119e+02  3.3856e+02
 3.4130e+02  3.3917e+02
 3.4142e+02  3.3917e+02
 3.4154e+02  3.3917e+02
 3.4165e+02  3.3977e+02
 3.4177e+02  3.3977e+02
 3.4188e+02  3.3977e+02
 3.4200e+02  3.3977e+02
 3.4212e+02  3.3977e+02
 3.4223e+02  3.4037e+02
 3.4235e+02  3.4037e+02
 3.4246e+02  3.4098e+02
 3.4258e+02  3.4098e+02
 3.4270e+02  3.4158e+02
 3.4281e+02  3.4158e+02
 3.4293e+02  3.4218e+02
 3.4305e+02  3.4218e+02
 3.4316e+02  3.4218e+02
 3.4328e+02  3.4339e+02
 3.4339e+02  3.4339e+02
 3.4351e+02  3.4400e+02
 3.4363e+02  3.4460e+02
 3.4374e+02  3.4460e+02
 3.4386e+02  3.4581e+02
 3.4397e+02  3.4581e+02
 3.4409e+02  3.4641e+02
 3.4421e+02  3.4701e+02
 3.4432e+02  3.4701e+02
 3.4444e+02  3.4822e+02
 3.4455e+02  3.4822e+02
 3.4467e+02  3.4943e+02
 3.4479e+02  3.5003e+02
 3.4490e+02  3.5063e+02
 3.4502e+02  3.5124e+02
 3.4514e+02  3.5184e+02
 3.4525e+02  3.5305e+02
 3.4537e+02  3.5365e+02
 3.4548e+02  3.5425e+02
 3.4560e+02  3.5546e+02
 3.4572e+02  3.5667e+02
 3.4583e+02  3.5727e+02
 3.4595e+02  3.5788e+02
 3.4606e+02  3.5788e+02
 3.4618e+02  3.5848e+02
 3.4630e+02  3.5908e+02
 3.4641e+02  3.5908e+02
 3.4653e+02  3.6029e+02
 3.4665e+02  3.6089e+02
 3.4676e+02  3.6150e+02
 3.4688e+02  3.6270e+02
 3.4699e+02  3.6270e+02
 3.4711e+02  3.6331e+02
 3.4723e+02  3.6391e+02
 3.4734e+02  3.6391e+02
 3.4746e+02  3.6451e+02
 3.4757e+02  3.6512e+02
 3.4769e+02  3.6632e+02
 3.4781e+02  3.6632e+02
 3.4792e+02  3.6753e+02
 3.4804e+02  3.6814e+02
 3.4815e+02  3.6874e+02
 3.4827e+02  3.6874e+02
 3.4839e+02  3.6934e+02
 3.4850e+02  3.6995e+02
 3.4862e+02  3.7055e+02
 3.4874e+02  3.7115e+02
 3.4885e+02  3.7115e+02
 3.4897e+02  3.7176e+02
 3.4908e+02  3.7236e+02
 3.4920e+02  3.7236e+02
 3.4932e+02  3.7296e+02
 3.4943e+02  3.7357e+02
 3.4955e+02  3.7357e+02
 3.4966e+02  3.7477e+02
 3.4978e+02  3.7477e+02
 3.4990e+02  3.7538e+02
 3.5001e+02  3.7598e+02
 3.5013e+02  3.7658e+02
 3.5025e+02  3.7719e+02
 3.5036e+02  3.7779e+02
 3.5048e+02  3.7839e+02
 3.5059e+02  3.7839e+02
 3.5071e+02  3.7839e+02
 3.5083e+02  3.7960e+02
 3.5094e+02  3.8021e+02
 3.5106e+02  3.8081e+02
 3.5117e+02  3.8081e+02
 3.5129e+02  3.8081e+02
 3.5141e+02  3.8081e+02
 3.5152e+02  3.8202e+02
 3.5164e+02  3.8202e+02
 3.5175e+02  3.8202e+02
 3.5187e+02  3.8262e+02
 3.5199e+02  3.8322e+02
 3.5210e+02  3.8322e+02
 3.5222e+02  3.8383e+02
 3.5234e+02  3.8443e+02
 3.5245e+02  3.8443e+02
 3.5257e+02  3.8443e+02
 3.5268e+02  3.8443e+02
 3.5280e+02  3.8443e+02
 3.5292e+02  3.8564e+02
 3.5303e+02  3.8564e+02
 3.5315e+02  3.8564e+02
 3.5326e+02  3.8624e+02
 3.5338e+02  3.8684e+02
 3.5350e+02  3.8684e+02
 3.5361e+02  3.8805e+02
 3.5373e+02  3.8805e+02
 3.5385e+02  3.8805e+02
 3.5396e+02  3.8805e+02
 3.5408e+02  3.8865e+02
 3.5419e+02  3.8926e+02
 3.5431e+02  3.8926e+02
 3.5443e+02  3.8986e+02
 3.5454e+02  3.9046e+02
 3.5466e+02  3.9046e+02
 3.5477e+02  3.9046e+02
 3.5489e+02  3.9167e+02
 3.5501e+02  3.9167e+02
 3.5512e+02  3.9228e+02
 3.5524e+02  3.9288e+02
 3.5535e+02  3.9288e+02
 3.5547e+02  3.9288e+02
 3.5559e+02  3.9288e+02
 3.5570e+02  3.9409e+02
 3.5582e+02  3.9409e+02
 3.5594e+02  3.9409e+02
 3.5605e+02  3.9529e+02
 3.5617e+02  3.9529e+02
 3.5628e+02  3.9529e+02
 3.5640e+02  3.9590e+02
 3.5652e+02  3.9650e+02
 3.5663e+02  3.9650e+02
 3.5675e+02  3.9771e+02
 3.5686e+02  3.9771e+02
 3.5698e+02  3.9891e+02
 3.5710e+02  3.9891e+02
 3.5721e+02  3.9891e+02
 3.5733e+02  3.9891e+02
 3.5745e+02  3.9891e+02
 3.5756e+02  4.0012e+02
 3.5768e+02  4.0012e+02
 3.5779e+02  4.0012e+02
 3.5791e+02  4.0012e+02
 3.5803e+02  4.0072e+02
 3.5814e+02  4.0133e+02
 3.5826e+02  4.0133e+02
 3.5837e+02  4.0133e+02
 3.5849e+02  4.0193e+02
 3.5861e+02  4.0253e+02
 3.5872e+02  4.0253e+02
 3.5884e+02  4.0253e+02
 3.5895e+02  4.0374e+02
 3.5907e+02  4.0374e+02
 3.5919e+02  4.0374e+02
 3.5930e+02  4.0435e+02
 3.5942e+02  4.0495e+02
 3.5954e+02  4.0495e+02
 3.5965e+02  4.0495e+02
 3.5977e+02  4.0495e+02
 3.5988e+02  4.0495e+02
 3.6000e+02  4.0616e+02
 3.6012e+02  4.0616e+02
 3.6023e+02  4.0616e+02
 3.6035e+02  4.0616e+02
 3.6046e+02  4.0616e+02
