#14-Aug-2015  12:04 MOD-3.5d/Rev    2                                             PipeBlowdown.txt
#SAMPLE #1 SIMPLE PIPE BLOWDOWN PROBLEM                                           fesns-hp
#INITIAL CONDITIONS 7.0 MPa, 250 C                                               
#     5
#   (2X,F14.7,2X,5(F14.7,2X))                                                                                                       
#
#     OUTPUT #   1:
# PRESS:ATM(1)               -MULTIPLIED BY:   0.10000E-02
#
#     OUTPUT #   2:
# PRESS:PIPE(99)             -MULTIPLIED BY:   0.10000E-02
#
#     OUTPUT #   3:
# PRESS:PIPE(5)              -MULTIPLIED BY:   0.10000E-02
#
#     OUTPUT #   4:
# PRESS:PIPE(1)              -MULTIPLIED BY:   0.10000E-02
#
#     OUTPUT #   5:
# PRESS:PIPE(5)              -MULTIPLIED BY:   0.10000E-02
# PRESS:PIPE(1)              -MULTIPLIED BY:  -0.10000E-02
#
#
#
#
#
#
       0.0000000     101.3000000    7000.0000000    7000.0000000    7000.0000000       0.0000000
       0.0001000     101.3000000    6668.1409851    6668.1409851    6999.9999404    -331.8589553
       0.0002000     101.3000000    6051.6928925    6051.6928925    6999.9993696    -948.3064772
       0.0003000     101.3000000    5233.4796265    5233.4796265    6999.9963795   -1766.5167531
       0.0004000     101.3000000    4289.1288344    4289.1288344    6999.9850357   -2710.8562014
       0.0005000     101.3000000    3325.9446205    3325.9446205    6999.9502296   -3674.0056091
       0.0006000     101.3000000    3105.0855970    3105.0855970    6999.8587543   -3894.7731574
       0.0007003     101.3000000    2959.0648591    2959.0648591    6999.6442584   -4040.5793992
       0.0008227     101.3000000    2855.7703166    2855.7703166    6998.9515802   -4143.1812636
       0.0009485     101.3000000    2800.7635428    2800.7635428    6997.2894371   -4196.5258943
       0.0010743     101.3000000    2765.9423962    2765.9423962    6993.8540541   -4227.9116580
       0.0012001     101.3000000    2738.6801245    2738.6801245    6987.3915924   -4248.7114679
       0.0013259     101.3000000    2713.9482045    2713.9482045    6976.1224237   -4262.1742193
       0.0014517     101.3000000    2690.4750589    2690.4750589    6957.6729816   -4267.1979227
       0.0015774     101.3000000    2668.7740131    2668.7740131    6929.0681987   -4260.2941855
       0.0017032     101.3000000    2650.0500241    2650.0500241    6886.7461511   -4236.6961269
       0.0018320     101.3000000    2634.5386303    2634.5386303    6824.6926868   -4190.1540564
       0.0019608     101.3000000    2624.2428418    2624.2428418    6739.2168679   -4114.9740261
       0.0020895     101.3000000    2618.7581322    2618.7581322    6625.5946125   -4006.8364803
       0.0022183     101.3000000    2617.6126246    2617.6126246    6479.9124718   -3862.2998472
       0.0023470     101.3000000    2620.1631858    2620.1631858    6298.2614387   -3678.0982529
       0.0024769     101.3000000    2625.6429074    2625.6429074    6075.3685724   -3449.7256650
       0.0026123     101.3000000    2633.2212190    2633.2212190    5798.5766629   -3165.3554439
       0.0027478     101.3000000    2643.4685590    2643.4685590    5495.4870139   -2852.0184549
       0.0028833     101.3000000    2655.6385836    2655.6385836    5119.2685125   -2463.6299289
       0.0030188     101.3000000    2671.2258578    2671.2258578    4710.6831311   -2039.4572733
       0.0031543     101.3000000    2700.0183842    2700.0183842    4273.0805815   -1573.0621973
       0.0032898     101.3000000    2732.7635478    2732.7635478    3814.2626480   -1081.4991002
       0.0034253     101.3000000    2766.5632576    2766.5632576    3352.8994545    -586.3361968
       0.0035608     101.3000000    2799.9170818    2799.9170818    2963.6278215    -163.7107397
       0.0036963     101.3000000    2832.1541301    2832.1541301    2721.2311117     110.9230184
       0.0038318     101.3000000    2862.9916566    2862.9916566    2637.3966199     225.5950367
       0.0040220     101.3000000    2899.2921938    2899.2921938    2630.5616511     268.7305427
       0.0043276     101.3000000    2944.5892353    2944.5892353    2708.4200271     236.1692081
       0.0047607     101.3000000    3000.0250707    3000.0250707    2840.7307604     159.2943103
       0.0052806     101.3000000    3062.5204550    3062.5204550    2983.7329426      78.7875124
       0.0058959     101.3000000    3125.7519675    3125.7519675    3121.5159411       4.2360265
       0.0066530     101.3000000    3187.1826643    3187.1826643    3247.3078509     -60.1251866
       0.0076347     101.3000000    3245.3953255    3245.3953255    3359.7795227    -114.3841972
       0.0089159     101.3000000    3298.4397340    3298.4397340    3457.4732665    -159.0335325
       0.0103826     101.3000000    3343.1068794    3343.1068794    3537.1132710    -194.0063917
       0.0119016     101.3000000    3374.2544314    3374.2544314    3597.7411317    -223.4867003
       0.0134207     101.3000000    3391.4691370    3391.4691370    3641.9918745    -250.5227375
       0.0149423     101.3000000    3397.2345063    3397.2345063    3674.1748167    -276.9403104
       0.0164851     101.3000000    3394.2411909    3394.2411909    3698.0188415    -303.7776506
       0.0180698     101.3000000    3384.5431294    3384.5431294    3716.1462518    -331.6031225
       0.0197176     101.3000000    3369.5590276    3369.5590276    3730.2696719    -360.7106442
       0.0214524     101.3000000    3350.2875270    3350.2875270    3741.4635001    -391.1759731
       0.0233031     101.3000000    3327.5005447    3327.5005447    3750.3929212    -422.8923765
       0.0253069     101.3000000    3301.8977420    3301.8977420    3757.4574718    -455.5597298
       0.0275149     101.3000000    3274.2475680    3274.2475680    3762.8739885    -488.6264204
       0.0300002     101.3000000    3245.5387403    3245.5387403    3766.6981427    -521.1594025
       0.0328730     101.3000000    3217.1160871    3217.1160871    3768.7975620    -551.6814749
       0.0359968     101.3000000    3192.8173358    3192.8173358    3769.6209953    -576.8036595
       0.0391206     101.3000000    3174.8330789    3174.8330789    3769.4578583    -594.6247794
       0.0422443     101.3000000    3162.0986517    3162.0986517    3767.8770346    -605.7783828
       0.0453681     101.3000000    3153.1099118    3153.1099118    3764.9837273    -611.8738155
       0.0484918     101.3000000    3146.2562065    3146.2562065    3760.9092374    -614.6530309
       0.0516796     101.3000000    3140.0545897    3140.0545897    3755.4941709    -615.4395812
       0.0550585     101.3000000    3133.2518967    3133.2518967    3748.3072681    -615.0553715
       0.0587360     101.3000000    3124.9079916    3124.9079916    3738.8671616    -613.9591699
       0.0627010     101.3000000    3114.7019435    3114.7019435    3726.9874462    -612.2855027
       0.0666761     101.3000000    3103.5094756    3103.5094756    3713.6557535    -610.1462779
       0.0706511     101.3000000    3091.7275418    3091.7275418    3698.3488548    -606.6213131
       0.0746527     101.3000000    3079.5236450    3079.5236450    3680.6754132    -601.1517683
       0.0787663     101.3000000    3066.7231577    3066.7231577    3659.8896446    -593.1664869
       0.0830745     101.3000000    3052.9818470    3052.9818470    3635.0772933    -582.0954463
       0.0876630     101.3000000    3037.7903145    3037.7903145    3604.9675276    -567.1772130
       0.0923245     101.3000000    3021.5445576    3021.5445576    3570.6692133    -549.1246558
       0.0969913     101.3000000    3004.3108126    3004.3108126    3532.1341289    -527.8233163
       0.1016963     101.3000000    2985.8242970    2985.8242970    3488.6900602    -502.8657632
       0.1064013     101.3000000    2966.0943114    2966.0943114    3440.6188816    -474.5245703
       0.1111063     101.3000000    2944.9347827    2944.9347827    3387.8822364    -442.9474537
       0.1158113     101.3000000    2922.7854787    2922.7854787    3330.6611766    -407.8756978
       0.1205163     101.3000000    2898.3542881    2898.3542881    3269.3143924    -370.9601043
       0.1252213     101.3000000    2871.5127726    2871.5127726    3204.3074423    -332.7946697
       0.1299263     101.3000000    2841.8947590    2841.8947590    3136.3796124    -294.4848534
       0.1346692     101.3000000    2808.7937614    2808.7937614    3066.1354138    -257.3416524
       0.1396285     101.3000000    2770.1647946    2770.1647946    2991.8082793    -221.6434846
       0.1449234     101.3000000    2723.8910302    2723.8910302    2916.3539182    -192.4628880
       0.1506690     101.3000000    2667.5119552    2667.5119552    2833.0562325    -165.5442773
       0.1569843     101.3000000    2598.5204647    2598.5204647    2742.7790070    -144.2585424
       0.1640042     101.3000000    2515.4549095    2515.4549095    2642.1380468    -126.6831373
       0.1718801     101.3000000    2416.4293320    2416.4293320    2524.1487045    -107.7193726
       0.1807945     101.3000000    2286.2693593    2286.2693593    2382.7504240     -96.4810647
       0.1907589     101.3000000    2129.4710107    2129.4710107    2229.0112558     -99.5402451
       0.2007233     101.3000000    1969.8145009    1969.8145009    2074.2022368    -104.3877358
       0.2106878     101.3000000    1811.2638868    1811.2638868    1918.1103610    -106.8464742
       0.2206522     101.3000000    1656.1422616    1656.1422616    1761.5472685    -105.4050069
       0.2306166     101.3000000    1505.5500837    1505.5500837    1605.6726497    -100.1225660
       0.2405811     101.3000000    1361.1606796    1361.1606796    1453.0145255     -91.8538458
       0.2505455     101.3000000    1224.4318238    1224.4318238    1307.1583123     -82.7264885
       0.2605099     101.3000000    1096.0992187    1096.0992187    1169.7480074     -73.6487887
       0.2704744     101.3000000     977.8852564     977.8852564    1043.1765845     -65.2913281
       0.2804388     101.3000000     864.1727085     864.1727085     921.1750160     -57.0023075
       0.2904032     101.3000000     760.2103651     760.2103651     807.7831470     -47.5727819
       0.3003677     101.3000000     667.4511200     667.4511200     708.2020463     -40.7509263
       0.3103321     101.3000000     583.2879662     583.2879662     619.1781265     -35.8901603
       0.3202965     101.3000000     506.2874728     506.2874728     537.6261300     -31.3386571
       0.3302610     101.3000000     438.0696860     438.0696860     464.9937016     -26.9240156
       0.3401684     101.3000000     374.9961511     374.9961511     397.5647735     -22.5686224
       0.3497411     101.3000000     322.8364373     322.8364373     341.8669561     -19.0305187
       0.3591158     101.3000000     278.7888872     278.7888872     295.4748627     -16.6859756
       0.3683928     101.3000000     240.2760976     240.2760976     254.4365881     -14.1604905
       0.3775003     101.3000000     207.4053650     207.4053650     219.2962446     -11.8908797
       0.3864728     101.3000000     179.4929940     179.4929940     189.8132722     -10.3202782
       0.3875876     101.3000000     155.8525210     155.8525210     186.5133002     -30.6607792
       0.3887025     101.3000000     151.1417436     151.1417436     182.7130229     -31.5712792
       0.3902148     101.3000000     146.0143719     146.0143719     177.1556853     -31.1413134
       0.3922321     101.3000000     141.2360574     141.2360574     169.1344978     -27.8984404
       0.3948066     101.3000000     136.6004644     136.6004644     158.7754252     -22.1749608
       0.3978117     101.3000000     132.0066917     132.0066917     147.4608932     -15.4542016
       0.4011577     101.3000000     127.2729934     127.2729934     136.5696472      -9.2966538
       0.4049633     101.3000000     122.1740744     122.1740744     126.5093359      -4.3352615
       0.4094692     101.3000000     116.6128510     116.6128510     117.3905284      -0.7776774
       0.4150431     101.3000000     110.8687815     110.8687815     109.5037136       1.3650679
       0.4223245     101.3000000     106.0028967     106.0028967     103.1716275       2.8312692
       0.4324731     101.3000000     102.5145304     102.5145304      99.2177567       3.2967737
       0.4477914     101.3000000     100.9921829     100.9921829      99.0181165       1.9740664
       0.4695414     101.3000000     101.2569015     101.2569015     100.3762623       0.8806392
       0.4966129     101.3000000     101.2010712     101.2010712     101.2162847      -0.0152134
       0.5338872     101.3000000     101.9075776     101.9075776     101.9178386      -0.0102610
